以 n = 3 為例 
			              TypicalPrice           MF                  P or N           MoneyRatio          MFI
			
0900 00   100    1000      
0900 00   101    1000
0900 00   104    3000      102.6           102.6 * 5000 = 513000     513000             
0900 01   102    1000
0900 01   103    1000
0900 01   106    5000      104.6           -104.6 * 7000 = -732200     -732200                
0900 02   102    1000      
0900 02   103    2000      
0900 02   108    1000      106               106 * 4000 =                

0900 03   102    1000      
0900 03   106    2000      
0900 03   108    1000      129.3






0902 00   200    1000