[real]

0         1         2         3         4         5         6         
012345678901234567890123456789012345678901234567890123456789012

202003022330  B00900009800012357155580308.0000000400021590I7273

0         1         2         3         4         5         6  
123456789012345678901234567890123456789012345678901234567890123

202003242330  S00900006400004078T55770268.0000000100000001I4965

[fake]
202003020050  S00900011800016830N52270087.5000000100011253I2826
202003022330  B00900009800012357155580308.000000ininininini
202003022330  B00900009800012358155580308.gdfninininininin
202003020050  B00900011800016830N55370087.5000000100005690I000N