090000,0309.00,0309.00,0309.00,6610000
090005,0309.00,0309.00,0309.00,36000
090010,0309.00,0309.00,0309.00,171000
090015,0309.00,0309.00,0309.00,110000
090020,0309.00,0309.00,0309.00,50000
090025,0309.00,0309.00,0309.00,259000
090030,0309.00,0309.00,0309.00,181000
090035,0309.00,0309.00,0309.00,124000
090040,0309.00,0309.00,0309.00,71000
090045,0309.00,0309.00,0309.00,69000
090050,0308.50,0308.50,0308.50,241000
090055,0308.50,0308.50,0308.50,56000
090100,0308.50,0308.50,0308.50,318000
090105,0309.00,0309.00,0309.00,79000
090110,0308.50,0308.50,0308.50,143000
090115,0309.00,0309.00,0309.00,40000
090120,0308.50,0308.50,0308.50,286000
090125,0308.50,0308.50,0308.50,102000
090130,0308.50,0308.50,0308.50,272000
090135,0308.50,0308.50,0308.50,73000
090140,0308.50,0308.50,0308.50,331000
090145,0308.50,0308.50,0308.50,100000
090150,0308.50,0308.50,0308.50,153000
090155,0308.50,0308.50,0308.50,110000
090200,0308.50,0308.50,0308.50,92000
090205,0308.50,0308.50,0308.50,178000
090210,0308.50,0308.50,0308.50,211000
090215,0308.50,0308.50,0308.50,121000
090221,0308.50,0308.50,0308.50,175000
090226,0308.50,0308.50,0308.50,90000
090231,0308.50,0308.50,0308.50,100000
090236,0308.50,0308.50,0308.50,119000
090241,0308.50,0308.50,0308.50,354000
090246,0308.50,0308.50,0308.50,137000
090251,0309.00,0309.00,0309.00,30000
090256,0309.00,0309.00,0309.00,11000
090301,0309.00,0309.00,0309.00,20000
090306,0309.00,0309.00,0309.00,50000
090311,0309.00,0309.00,0309.00,46000
090316,0309.00,0309.00,0309.00,91000
090321,0309.00,0309.00,0309.00,86000
090326,0309.00,0309.00,0309.00,120000
090331,0309.00,0309.00,0309.00,145000
090336,0309.00,0309.00,0309.00,41000
090341,0309.00,0309.00,0309.00,13000
090346,0309.50,0309.50,0309.50,15000
090351,0309.00,0309.00,0309.00,17000
090356,0309.00,0309.00,0309.00,7000
090401,0309.50,0309.50,0309.50,6000
090407,0309.50,0309.50,0309.50,15000
090412,0309.50,0309.50,0309.50,33000
090417,0309.50,0309.50,0309.50,34000
090422,0309.50,0309.50,0309.50,38000
090427,0309.50,0309.50,0309.50,42000
090432,0309.00,0309.00,0309.00,39000
090437,0309.00,0309.00,0309.00,18000
090442,0309.00,0309.00,0309.00,148000
090447,0309.00,0309.00,0309.00,173000
090452,0309.50,0309.50,0309.50,39000
090457,0309.50,0309.50,0309.50,8000
090502,0309.00,0309.00,0309.00,26000
090507,0309.00,0309.00,0309.00,15000
090512,0309.50,0309.50,0309.50,70000
090517,0309.00,0309.00,0309.00,46000
090522,0309.00,0309.00,0309.00,35000
090527,0309.50,0309.50,0309.50,14000
090532,0309.50,0309.50,0309.50,6000
090537,0309.50,0309.50,0309.50,18000
090542,0309.50,0309.50,0309.50,9000
090547,0309.00,0309.00,0309.00,36000
090552,0309.00,0309.00,0309.00,85000
090557,0309.00,0309.00,0309.00,133000
090602,0309.50,0309.50,0309.50,865000
090607,0309.50,0309.50,0309.50,151000
090612,0309.50,0309.50,0309.50,67000
090617,0309.50,0309.50,0309.50,69000
090622,0309.50,0309.50,0309.50,34000
090627,0309.50,0309.50,0309.50,27000
090632,0309.50,0309.50,0309.50,27000
090637,0309.50,0309.50,0309.50,13000
090642,0309.50,0309.50,0309.50,15000
090647,0309.50,0309.50,0309.50,32000
090652,0310.00,0310.00,0310.00,8000
090657,0310.00,0310.00,0310.00,13000
090702,0310.00,0310.00,0310.00,13000
090707,0310.00,0310.00,0310.00,18000
090712,0310.00,0310.00,0310.00,36000
090717,0310.00,0310.00,0310.00,41000
090722,0310.00,0310.00,0310.00,56000
090727,0310.00,0310.00,0310.00,125000
090732,0310.00,0310.00,0310.00,72000
090737,0310.00,0310.00,0310.00,22000
090742,0310.00,0310.00,0310.00,47000
090747,0310.00,0310.00,0310.00,141000
090752,0310.00,0310.00,0310.00,204000
090757,0310.50,0310.50,0310.50,24000
090802,0310.00,0310.00,0310.00,26000
090807,0310.00,0310.00,0310.00,27000
090812,0310.50,0310.50,0310.50,18000
090817,0310.50,0310.50,0310.50,14000
090822,0310.50,0310.50,0310.50,41000
090827,0310.50,0310.50,0310.50,31000
090832,0310.50,0310.50,0310.50,55000
090837,0310.50,0310.50,0310.50,36000
090842,0310.50,0310.50,0310.50,54000
090847,0310.50,0310.50,0310.50,42000
090852,0310.50,0310.50,0310.50,60000
090857,0310.50,0310.50,0310.50,59000
090903,0310.50,0310.50,0310.50,31000
090908,0310.50,0310.50,0310.50,57000
090913,0310.00,0310.00,0310.00,134000
090918,0310.50,0310.50,0310.50,61000
090923,0310.50,0310.50,0310.50,17000
090928,0310.50,0310.50,0310.50,22000
090933,0310.50,0310.50,0310.50,20000
090938,0310.50,0310.50,0310.50,24000
090943,0310.50,0310.50,0310.50,19000
090948,0310.50,0310.50,0310.50,46000
090953,0310.50,0310.50,0310.50,34000
090958,0310.50,0310.50,0310.50,113000
091003,0310.50,0310.50,0310.50,29000
091008,0310.50,0310.50,0310.50,31000
091013,0310.00,0310.00,0310.00,41000
091018,0310.50,0310.50,0310.50,14000
091023,0310.00,0310.00,0310.00,38000
091028,0310.00,0310.00,0310.00,260000
091033,0310.00,0310.00,0310.00,426000
091038,0310.00,0310.00,0310.00,94000
091043,0310.00,0310.00,0310.00,87000
091048,0309.50,0309.50,0309.50,43000
091053,0310.00,0310.00,0310.00,22000
091058,0309.50,0309.50,0309.50,21000
091103,0310.00,0310.00,0310.00,22000
091108,0309.50,0309.50,0309.50,34000
091113,0309.50,0309.50,0309.50,10000
091118,0309.50,0309.50,0309.50,136000
091123,0309.50,0309.50,0309.50,193000
091128,0309.50,0309.50,0309.50,167000
091133,0309.00,0309.00,0309.00,29000
091138,0309.00,0309.00,0309.00,95000
091143,0309.50,0309.50,0309.50,41000
091148,0309.50,0309.50,0309.50,7000
091153,0309.50,0309.50,0309.50,9000
091158,0309.00,0309.00,0309.00,17000
091203,0309.50,0309.50,0309.50,15000
091208,0309.50,0309.50,0309.50,132000
091213,0309.50,0309.50,0309.50,14000
091218,0309.50,0309.50,0309.50,10000
091223,0309.50,0309.50,0309.50,9000
091228,0309.50,0309.50,0309.50,9000
091233,0309.50,0309.50,0309.50,348000
091238,0309.50,0309.50,0309.50,161000
091243,0310.00,0310.00,0310.00,48000
091248,0310.00,0310.00,0310.00,9000
091253,0310.00,0310.00,0310.00,13000
091258,0309.50,0309.50,0309.50,19000
091303,0310.00,0310.00,0310.00,9000
091308,0310.00,0310.00,0310.00,15000
091314,0310.00,0310.00,0310.00,12000
091319,0310.00,0310.00,0310.00,2000
091324,0310.00,0310.00,0310.00,14000
091329,0309.50,0309.50,0309.50,24000
091334,0310.00,0310.00,0310.00,2000
091339,0310.00,0310.00,0310.00,2000
091344,0310.00,0310.00,0310.00,16000
091349,0310.00,0310.00,0310.00,6000
091354,0310.00,0310.00,0310.00,32000
091359,0310.00,0310.00,0310.00,32000
091404,0310.00,0310.00,0310.00,4000
091409,0310.00,0310.00,0310.00,4000
091414,0310.00,0310.00,0310.00,8000
091419,0310.00,0310.00,0310.00,10000
091424,0309.50,0309.50,0309.50,106000
091429,0309.50,0309.50,0309.50,224000
091434,0309.50,0309.50,0309.50,32000
091439,0309.50,0309.50,0309.50,5000
091444,0309.50,0309.50,0309.50,4000
091449,0309.50,0309.50,0309.50,10000
091454,0309.50,0309.50,0309.50,8000
091459,0309.50,0309.50,0309.50,20000
091504,0309.00,0309.00,0309.00,42000
091510,0309.00,0309.00,0309.00,18000
091515,0309.50,0309.50,0309.50,42000
091520,0309.50,0309.50,0309.50,14000
091525,0309.50,0309.50,0309.50,10000
091530,0309.50,0309.50,0309.50,6000
091535,0309.50,0309.50,0309.50,5000
091540,0309.00,0309.00,0309.00,225000
091545,0309.50,0309.50,0309.50,6000
091550,0309.00,0309.00,0309.00,2000
091555,0309.00,0309.00,0309.00,6000
091600,0309.00,0309.00,0309.00,4000
091605,0309.50,0309.50,0309.50,12000
091610,0309.50,0309.50,0309.50,7000
091615,0309.50,0309.50,0309.50,12000
091620,0309.00,0309.00,0309.00,8000
091625,0309.50,0309.50,0309.50,24000
091630,0309.00,0309.00,0309.00,36000
091635,0309.50,0309.50,0309.50,8000
091640,0309.50,0309.50,0309.50,10000
091645,0309.50,0309.50,0309.50,3000
091650,0309.00,0309.00,0309.00,30000
091655,0309.00,0309.00,0309.00,31000
091700,0309.00,0309.00,0309.00,120000
091705,0309.00,0309.00,0309.00,131000
091710,0309.00,0309.00,0309.00,158000
091715,0309.00,0309.00,0309.00,74000
091720,0309.00,0309.00,0309.00,100000
091725,0309.00,0309.00,0309.00,6000
091730,0309.50,0309.50,0309.50,20000
091735,0309.00,0309.00,0309.00,86000
091740,0309.00,0309.00,0309.00,40000
091745,0309.00,0309.00,0309.00,149000
091750,0309.00,0309.00,0309.00,129000
091755,0309.00,0309.00,0309.00,108000
091800,0309.00,0309.00,0309.00,167000
091805,0309.00,0309.00,0309.00,222000
091810,0309.00,0309.00,0309.00,265000
091815,0309.00,0309.00,0309.00,173000
091820,0309.00,0309.00,0309.00,13000
091825,0309.00,0309.00,0309.00,6000
091830,0309.00,0309.00,0309.00,4000
091835,0309.00,0309.00,0309.00,15000
091840,0309.00,0309.00,0309.00,8000
091845,0309.00,0309.00,0309.00,10000
091850,0309.00,0309.00,0309.00,12000
091855,0309.00,0309.00,0309.00,6000
091900,0308.50,0308.50,0308.50,26000
091905,0308.50,0308.50,0308.50,12000
091910,0309.00,0309.00,0309.00,11000
091915,0309.00,0309.00,0309.00,22000
091920,0308.50,0308.50,0308.50,10000
091925,0309.00,0309.00,0309.00,10000
091930,0309.00,0309.00,0309.00,30000
091940,0309.00,0309.00,0309.00,9000
091945,0309.00,0309.00,0309.00,37000
091951,0309.00,0309.00,0309.00,37000
091956,0309.00,0309.00,0309.00,47000
092001,0309.00,0309.00,0309.00,10000
092006,0309.00,0309.00,0309.00,55000
092011,0309.00,0309.00,0309.00,95000
092016,0309.00,0309.00,0309.00,85000
092021,0309.00,0309.00,0309.00,229000
092026,0309.00,0309.00,0309.00,139000
092031,0309.50,0309.50,0309.50,19000
092036,0309.50,0309.50,0309.50,9000
092041,0309.00,0309.00,0309.00,125000
092046,0309.50,0309.50,0309.50,18000
092051,0309.50,0309.50,0309.50,2000
092056,0309.50,0309.50,0309.50,1000
092101,0309.50,0309.50,0309.50,2000
092106,0309.00,0309.00,0309.00,3000
092111,0309.50,0309.50,0309.50,6000
092116,0309.00,0309.00,0309.00,5000
092126,0309.00,0309.00,0309.00,8000
092131,0309.50,0309.50,0309.50,15000
092136,0309.50,0309.50,0309.50,5000
092141,0309.50,0309.50,0309.50,2000
092146,0309.50,0309.50,0309.50,3000
092151,0309.50,0309.50,0309.50,4000
092156,0309.00,0309.00,0309.00,9000
092201,0309.00,0309.00,0309.00,110000
092206,0309.00,0309.00,0309.00,31000
092211,0309.00,0309.00,0309.00,59000
092216,0309.00,0309.00,0309.00,123000
092221,0309.00,0309.00,0309.00,36000
092226,0309.50,0309.50,0309.50,49000
092231,0309.00,0309.00,0309.00,8000
092236,0309.00,0309.00,0309.00,38000
092241,0309.00,0309.00,0309.00,292000
092246,0309.00,0309.00,0309.00,110000
092251,0308.50,0308.50,0308.50,34000
092256,0309.00,0309.00,0309.00,8000
092301,0308.50,0308.50,0308.50,18000
092306,0308.50,0308.50,0308.50,6000
092311,0308.50,0308.50,0308.50,42000
092316,0309.00,0309.00,0309.00,6000
092321,0308.50,0308.50,0308.50,14000
092326,0308.50,0308.50,0308.50,32000
092331,0309.00,0309.00,0309.00,2000
092336,0309.00,0309.00,0309.00,2000
092341,0309.00,0309.00,0309.00,14000
092346,0309.00,0309.00,0309.00,2000
092352,0309.00,0309.00,0309.00,2000
092357,0309.00,0309.00,0309.00,14000
092402,0309.00,0309.00,0309.00,13000
092407,0309.00,0309.00,0309.00,4000
092412,0309.00,0309.00,0309.00,5000
092417,0309.00,0309.00,0309.00,3000
092422,0309.00,0309.00,0309.00,45000
092427,0309.00,0309.00,0309.00,71000
092432,0309.00,0309.00,0309.00,38000
092437,0309.00,0309.00,0309.00,67000
092442,0309.00,0309.00,0309.00,34000
092447,0309.00,0309.00,0309.00,109000
092452,0309.00,0309.00,0309.00,19000
092457,0309.50,0309.50,0309.50,6000
092502,0309.50,0309.50,0309.50,2000
092507,0309.00,0309.00,0309.00,3000
092512,0309.00,0309.00,0309.00,4000
092517,0309.00,0309.00,0309.00,2000
092522,0309.50,0309.50,0309.50,4000
092532,0309.50,0309.50,0309.50,2000
092537,0309.50,0309.50,0309.50,6000
092542,0309.00,0309.00,0309.00,4000
092547,0309.00,0309.00,0309.00,5000
092552,0309.00,0309.00,0309.00,66000
092557,0309.00,0309.00,0309.00,8000
092602,0309.00,0309.00,0309.00,40000
092607,0309.00,0309.00,0309.00,174000
092612,0309.00,0309.00,0309.00,26000
092617,0309.00,0309.00,0309.00,16000
092622,0309.00,0309.00,0309.00,56000
092627,0309.00,0309.00,0309.00,158000
092632,0309.00,0309.00,0309.00,264000
092637,0309.00,0309.00,0309.00,156000
092642,0308.50,0308.50,0308.50,47000
092647,0308.50,0308.50,0308.50,12000
092652,0309.00,0309.00,0309.00,2000
092702,0309.00,0309.00,0309.00,28000
092707,0309.00,0309.00,0309.00,4000
092712,0309.00,0309.00,0309.00,130000
092717,0309.00,0309.00,0309.00,23000
092722,0309.00,0309.00,0309.00,2000
092727,0309.00,0309.00,0309.00,3000
092732,0309.00,0309.00,0309.00,5000
092738,0309.00,0309.00,0309.00,28000
092743,0309.00,0309.00,0309.00,3000
092748,0309.00,0309.00,0309.00,8000
092753,0309.00,0309.00,0309.00,9000
092758,0309.00,0309.00,0309.00,2000
092803,0309.00,0309.00,0309.00,2000
092808,0309.00,0309.00,0309.00,8000
092813,0309.00,0309.00,0309.00,26000
092818,0309.00,0309.00,0309.00,134000
092823,0309.00,0309.00,0309.00,163000
092828,0309.00,0309.00,0309.00,28000
092833,0309.00,0309.00,0309.00,16000
092838,0309.00,0309.00,0309.00,4000
092843,0309.00,0309.00,0309.00,4000
092848,0308.50,0308.50,0308.50,38000
092853,0308.50,0308.50,0308.50,2000
092858,0308.50,0308.50,0308.50,4000
092903,0309.00,0309.00,0309.00,4000
092908,0309.00,0309.00,0309.00,2000
092913,0309.00,0309.00,0309.00,8000
092918,0309.00,0309.00,0309.00,10000
092923,0309.00,0309.00,0309.00,6000
092928,0309.00,0309.00,0309.00,167000
092933,0309.00,0309.00,0309.00,19000
092938,0309.00,0309.00,0309.00,20000
092943,0309.00,0309.00,0309.00,8000
092948,0309.00,0309.00,0309.00,4000
092953,0309.00,0309.00,0309.00,21000
092958,0309.00,0309.00,0309.00,28000
093003,0309.00,0309.00,0309.00,67000
093008,0309.00,0309.00,0309.00,8000
093013,0309.00,0309.00,0309.00,38000
093018,0309.00,0309.00,0309.00,36000
093023,0309.00,0309.00,0309.00,26000
093028,0309.00,0309.00,0309.00,24000
093033,0309.00,0309.00,0309.00,34000
093038,0309.00,0309.00,0309.00,7000
093043,0309.00,0309.00,0309.00,3000
093048,0309.00,0309.00,0309.00,50000
093053,0309.00,0309.00,0309.00,269000
093058,0309.00,0309.00,0309.00,113000
093103,0309.00,0309.00,0309.00,29000
093108,0309.00,0309.00,0309.00,13000
093113,0309.00,0309.00,0309.00,2000
093118,0309.00,0309.00,0309.00,78000
093123,0309.00,0309.00,0309.00,39000
093128,0308.50,0308.50,0308.50,26000
093134,0309.00,0309.00,0309.00,2000
093139,0308.50,0308.50,0308.50,27000
093144,0309.00,0309.00,0309.00,6000
093149,0309.00,0309.00,0309.00,6000
093154,0309.00,0309.00,0309.00,2000
093159,0309.00,0309.00,0309.00,2000
093204,0309.00,0309.00,0309.00,4000
093209,0309.00,0309.00,0309.00,1000
093214,0308.50,0308.50,0308.50,8000
093219,0309.00,0309.00,0309.00,2000
093224,0308.50,0308.50,0308.50,8000
093234,0308.50,0308.50,0308.50,2000
093239,0309.00,0309.00,0309.00,6000
093244,0308.50,0308.50,0308.50,17000
093249,0309.00,0309.00,0309.00,5000
093254,0308.50,0308.50,0308.50,4000
093259,0309.00,0309.00,0309.00,5000
093304,0308.50,0308.50,0308.50,4000
093309,0308.50,0308.50,0308.50,4000
093314,0308.50,0308.50,0308.50,2000
093319,0309.00,0309.00,0309.00,4000
093324,0308.50,0308.50,0308.50,2000
093329,0309.00,0309.00,0309.00,3000
093334,0309.00,0309.00,0309.00,1000
093344,0308.50,0308.50,0308.50,2000
093349,0308.50,0308.50,0308.50,10000
093354,0308.50,0308.50,0308.50,13000
093400,0308.50,0308.50,0308.50,2000
093405,0308.50,0308.50,0308.50,2000
093410,0308.50,0308.50,0308.50,10000
093415,0309.00,0309.00,0309.00,2000
093420,0309.00,0309.00,0309.00,4000
093425,0309.00,0309.00,0309.00,1000
093435,0308.50,0308.50,0308.50,7000
093440,0308.50,0308.50,0308.50,10000
093445,0309.00,0309.00,0309.00,3000
093450,0309.00,0309.00,0309.00,1000
093455,0308.50,0308.50,0308.50,7000
093500,0309.00,0309.00,0309.00,2000
093505,0309.00,0309.00,0309.00,3000
093515,0309.00,0309.00,0309.00,4000
093520,0309.00,0309.00,0309.00,2000
093540,0308.50,0308.50,0308.50,7000
093550,0309.00,0309.00,0309.00,2000
093555,0309.00,0309.00,0309.00,2000
093600,0309.00,0309.00,0309.00,5000
093605,0309.00,0309.00,0309.00,1000
093610,0309.00,0309.00,0309.00,6000
093615,0309.00,0309.00,0309.00,1000
093620,0309.00,0309.00,0309.00,10000
093625,0308.50,0308.50,0308.50,13000
093630,0309.00,0309.00,0309.00,1000
093640,0309.00,0309.00,0309.00,1000
093645,0309.00,0309.00,0309.00,2000
093650,0309.00,0309.00,0309.00,3000
093655,0309.00,0309.00,0309.00,3000
093700,0309.00,0309.00,0309.00,1000
093710,0309.00,0309.00,0309.00,2000
093715,0309.00,0309.00,0309.00,2000
093720,0309.00,0309.00,0309.00,4000
093730,0309.00,0309.00,0309.00,12000
093735,0309.00,0309.00,0309.00,7000
093745,0309.00,0309.00,0309.00,5000
093750,0309.00,0309.00,0309.00,5000
093800,0308.50,0308.50,0308.50,221000
093805,0308.50,0308.50,0308.50,256000
093810,0308.50,0308.50,0308.50,230000
093815,0308.50,0308.50,0308.50,39000
093820,0308.50,0308.50,0308.50,39000
093825,0309.00,0309.00,0309.00,19000
093830,0308.50,0308.50,0308.50,22000
093835,0308.50,0308.50,0308.50,22000
093840,0308.50,0308.50,0308.50,41000
093845,0308.50,0308.50,0308.50,13000
093851,0308.50,0308.50,0308.50,30000
093856,0308.50,0308.50,0308.50,132000
093901,0308.50,0308.50,0308.50,211000
093906,0308.50,0308.50,0308.50,266000
093911,0308.00,0308.00,0308.00,54000
093916,0308.00,0308.00,0308.00,1000
093921,0308.00,0308.00,0308.00,22000
093926,0308.00,0308.00,0308.00,24000
093931,0308.00,0308.00,0308.00,3000
093936,0308.00,0308.00,0308.00,15000
093941,0308.00,0308.00,0308.00,3000
093946,0308.00,0308.00,0308.00,15000
093951,0308.50,0308.50,0308.50,6000
093956,0308.00,0308.00,0308.00,107000
094001,0308.00,0308.00,0308.00,45000
094006,0308.00,0308.00,0308.00,211000
094011,0308.00,0308.00,0308.00,85000
094016,0308.00,0308.00,0308.00,93000
094021,0308.00,0308.00,0308.00,196000
094026,0308.00,0308.00,0308.00,202000
094031,0308.00,0308.00,0308.00,59000
094036,0308.00,0308.00,0308.00,30000
094041,0308.00,0308.00,0308.00,495000
094046,0307.50,0307.50,0307.50,127000
094051,0307.50,0307.50,0307.50,1000
094056,0308.00,0308.00,0308.00,125000
094101,0307.50,0307.50,0307.50,4000
094106,0308.00,0308.00,0308.00,4000
094111,0307.50,0307.50,0307.50,39000
094116,0307.50,0307.50,0307.50,7000
094121,0308.00,0308.00,0308.00,5000
094126,0308.00,0308.00,0308.00,1000
094131,0307.50,0307.50,0307.50,13000
094136,0307.50,0307.50,0307.50,94000
094141,0307.50,0307.50,0307.50,15000
094151,0307.50,0307.50,0307.50,7000
094156,0307.50,0307.50,0307.50,5000
094201,0307.50,0307.50,0307.50,4000
094206,0308.00,0308.00,0308.00,304000
094211,0307.50,0307.50,0307.50,15000
094216,0308.00,0308.00,0308.00,99000
094221,0308.00,0308.00,0308.00,197000
094227,0308.00,0308.00,0308.00,36000
094232,0308.00,0308.00,0308.00,14000
094237,0308.00,0308.00,0308.00,5000
094242,0308.00,0308.00,0308.00,1000
094247,0308.00,0308.00,0308.00,2000
094252,0308.00,0308.00,0308.00,17000
094257,0308.00,0308.00,0308.00,1000
094302,0308.00,0308.00,0308.00,5000
094307,0308.00,0308.00,0308.00,1000
094312,0308.00,0308.00,0308.00,3000
094317,0307.50,0307.50,0307.50,1000
094322,0308.00,0308.00,0308.00,18000
094327,0308.00,0308.00,0308.00,3000
094332,0308.00,0308.00,0308.00,1000
094337,0308.00,0308.00,0308.00,10000
094342,0307.50,0307.50,0307.50,7000
094352,0307.50,0307.50,0307.50,71000
094357,0308.00,0308.00,0308.00,3000
094402,0308.00,0308.00,0308.00,1000
094407,0308.00,0308.00,0308.00,2000
094412,0308.00,0308.00,0308.00,1000
094417,0307.50,0307.50,0307.50,6000
094422,0307.50,0307.50,0307.50,19000
094427,0308.00,0308.00,0308.00,3000
094432,0308.00,0308.00,0308.00,1000
094437,0308.00,0308.00,0308.00,1000
094442,0308.00,0308.00,0308.00,9000
094447,0308.00,0308.00,0308.00,3000
094452,0308.00,0308.00,0308.00,2000
094502,0308.00,0308.00,0308.00,1000
094512,0308.00,0308.00,0308.00,1000
094518,0308.00,0308.00,0308.00,5000
094523,0308.00,0308.00,0308.00,2000
094528,0307.50,0307.50,0307.50,2000
094533,0308.00,0308.00,0308.00,3000
094538,0308.00,0308.00,0308.00,1000
094543,0308.00,0308.00,0308.00,5000
094548,0308.00,0308.00,0308.00,3000
094553,0308.00,0308.00,0308.00,1000
094558,0308.00,0308.00,0308.00,3000
094603,0307.50,0307.50,0307.50,31000
094608,0307.50,0307.50,0307.50,2000
094618,0307.50,0307.50,0307.50,2000
094623,0307.50,0307.50,0307.50,1000
094628,0307.50,0307.50,0307.50,6000
094633,0308.00,0308.00,0308.00,1000
094638,0307.50,0307.50,0307.50,2000
094643,0308.00,0308.00,0308.00,2000
094648,0307.50,0307.50,0307.50,4000
094653,0307.50,0307.50,0307.50,5000
094658,0307.50,0307.50,0307.50,4000
094703,0308.00,0308.00,0308.00,1000
094708,0308.00,0308.00,0308.00,2000
094713,0308.00,0308.00,0308.00,4000
094718,0308.00,0308.00,0308.00,2000
094723,0308.00,0308.00,0308.00,3000
094728,0308.00,0308.00,0308.00,18000
094733,0308.00,0308.00,0308.00,2000
094743,0308.00,0308.00,0308.00,3000
094748,0308.00,0308.00,0308.00,1000
094753,0308.00,0308.00,0308.00,27000
094758,0308.00,0308.00,0308.00,5000
094803,0308.00,0308.00,0308.00,6000
094808,0308.00,0308.00,0308.00,54000
094813,0308.00,0308.00,0308.00,130000
094818,0308.00,0308.00,0308.00,71000
094823,0308.00,0308.00,0308.00,56000
094828,0308.00,0308.00,0308.00,337000
094833,0308.00,0308.00,0308.00,10000
094838,0308.00,0308.00,0308.00,4000
094848,0308.50,0308.50,0308.50,2000
094853,0308.50,0308.50,0308.50,2000
094903,0308.50,0308.50,0308.50,2000
094908,0308.50,0308.50,0308.50,8000
094913,0308.50,0308.50,0308.50,4000
094918,0308.50,0308.50,0308.50,7000
094923,0308.50,0308.50,0308.50,4000
094928,0308.50,0308.50,0308.50,2000
094938,0308.50,0308.50,0308.50,22000
094943,0308.50,0308.50,0308.50,1000
094954,0308.50,0308.50,0308.50,4000
094959,0308.50,0308.50,0308.50,2000
095004,0308.50,0308.50,0308.50,2000
095009,0308.50,0308.50,0308.50,4000
095014,0308.50,0308.50,0308.50,2000
095019,0308.50,0308.50,0308.50,6000
095024,0308.00,0308.00,0308.00,16000
095029,0308.00,0308.00,0308.00,2000
095034,0308.50,0308.50,0308.50,4000
095044,0308.50,0308.50,0308.50,2000
095049,0308.50,0308.50,0308.50,6000
095054,0308.50,0308.50,0308.50,1000
095104,0308.50,0308.50,0308.50,7000
095114,0308.50,0308.50,0308.50,2000
095119,0308.00,0308.00,0308.00,3000
095124,0308.00,0308.00,0308.00,2000
095129,0308.50,0308.50,0308.50,4000
095139,0308.50,0308.50,0308.50,2000
095144,0308.50,0308.50,0308.50,4000
095154,0308.00,0308.00,0308.00,2000
095159,0308.00,0308.00,0308.00,2000
095204,0308.50,0308.50,0308.50,12000
095209,0308.50,0308.50,0308.50,6000
095214,0308.00,0308.00,0308.00,2000
095224,0308.50,0308.50,0308.50,2000
095239,0308.50,0308.50,0308.50,4000
095244,0308.50,0308.50,0308.50,4000
095249,0308.50,0308.50,0308.50,2000
095254,0308.50,0308.50,0308.50,4000
095259,0308.50,0308.50,0308.50,2000
095304,0308.50,0308.50,0308.50,17000
095309,0308.50,0308.50,0308.50,2000
095314,0308.50,0308.50,0308.50,5000
095319,0308.50,0308.50,0308.50,2000
095324,0308.50,0308.50,0308.50,6000
095329,0308.50,0308.50,0308.50,2000
095334,0308.00,0308.00,0308.00,5000
095339,0308.50,0308.50,0308.50,21000
095344,0308.50,0308.50,0308.50,6000
095350,0308.50,0308.50,0308.50,6000
095355,0308.50,0308.50,0308.50,4000
095400,0308.50,0308.50,0308.50,6000
095405,0308.50,0308.50,0308.50,6000
095415,0308.00,0308.00,0308.00,2000
095420,0308.00,0308.00,0308.00,2000
095425,0308.50,0308.50,0308.50,1000
095435,0308.50,0308.50,0308.50,4000
095440,0308.50,0308.50,0308.50,4000
095445,0308.50,0308.50,0308.50,2000
095450,0308.50,0308.50,0308.50,42000
095455,0308.50,0308.50,0308.50,2000
095500,0308.50,0308.50,0308.50,1000
095505,0308.50,0308.50,0308.50,2000
095510,0308.00,0308.00,0308.00,6000
095515,0308.00,0308.00,0308.00,10000
095521,0308.00,0308.00,0308.00,6000
095526,0308.50,0308.50,0308.50,5000
095531,0308.00,0308.00,0308.00,4000
095536,0308.00,0308.00,0308.00,2000
095541,0308.50,0308.50,0308.50,4000
095546,0308.50,0308.50,0308.50,4000
095551,0308.50,0308.50,0308.50,5000
095556,0308.00,0308.00,0308.00,5000
095601,0308.50,0308.50,0308.50,6000
095606,0308.50,0308.50,0308.50,2000
095611,0308.00,0308.00,0308.00,2000
095616,0308.00,0308.00,0308.00,5000
095621,0308.00,0308.00,0308.00,4000
095626,0308.00,0308.00,0308.00,2000
095631,0308.00,0308.00,0308.00,1000
095636,0308.00,0308.00,0308.00,3000
095641,0308.00,0308.00,0308.00,1000
095646,0308.00,0308.00,0308.00,2000
095651,0308.00,0308.00,0308.00,2000
095656,0308.00,0308.00,0308.00,7000
095701,0308.00,0308.00,0308.00,13000
095706,0308.00,0308.00,0308.00,5000
095711,0308.00,0308.00,0308.00,11000
095716,0308.00,0308.00,0308.00,1000
095721,0308.50,0308.50,0308.50,167000
095726,0308.00,0308.00,0308.00,8000
095731,0308.00,0308.00,0308.00,2000
095736,0308.50,0308.50,0308.50,5000
095741,0308.00,0308.00,0308.00,3000
095746,0308.00,0308.00,0308.00,6000
095751,0308.50,0308.50,0308.50,41000
095756,0308.00,0308.00,0308.00,22000
095801,0308.00,0308.00,0308.00,6000
095806,0308.00,0308.00,0308.00,5000
095811,0308.00,0308.00,0308.00,5000
095816,0308.50,0308.50,0308.50,2000
095821,0308.00,0308.00,0308.00,3000
095826,0308.00,0308.00,0308.00,3000
095831,0308.00,0308.00,0308.00,2000
095836,0308.00,0308.00,0308.00,2000
095841,0308.50,0308.50,0308.50,4000
095846,0308.50,0308.50,0308.50,2000
095856,0308.50,0308.50,0308.50,5000
095901,0308.00,0308.00,0308.00,9000
095906,0308.00,0308.00,0308.00,2000
095911,0308.00,0308.00,0308.00,3000
095916,0308.50,0308.50,0308.50,3000
095921,0308.00,0308.00,0308.00,8000
095926,0308.00,0308.00,0308.00,4000
095931,0308.00,0308.00,0308.00,2000
095936,0308.00,0308.00,0308.00,1000
095946,0308.00,0308.00,0308.00,7000
095951,0308.00,0308.00,0308.00,6000
095957,0308.00,0308.00,0308.00,2000
100002,0308.00,0308.00,0308.00,3000
100007,0308.00,0308.00,0308.00,2000
100012,0308.00,0308.00,0308.00,7000
100017,0308.00,0308.00,0308.00,6000
100022,0308.00,0308.00,0308.00,31000
100027,0308.00,0308.00,0308.00,6000
100032,0308.00,0308.00,0308.00,2000
100037,0308.50,0308.50,0308.50,3000
100042,0308.00,0308.00,0308.00,2000
100047,0308.00,0308.00,0308.00,2000
100052,0308.00,0308.00,0308.00,2000
100057,0308.00,0308.00,0308.00,13000
100102,0308.00,0308.00,0308.00,32000
100107,0308.00,0308.00,0308.00,6000
100112,0308.00,0308.00,0308.00,26000
100117,0308.00,0308.00,0308.00,98000
100122,0308.00,0308.00,0308.00,119000
100127,0308.00,0308.00,0308.00,201000
100132,0308.00,0308.00,0308.00,357000
100137,0308.00,0308.00,0308.00,148000
100142,0308.00,0308.00,0308.00,137000
100147,0308.00,0308.00,0308.00,457000
100152,0308.00,0308.00,0308.00,202000
100157,0307.50,0307.50,0307.50,33000
100202,0307.50,0307.50,0307.50,2000
100207,0307.50,0307.50,0307.50,6000
100212,0308.00,0308.00,0308.00,6000
100217,0308.00,0308.00,0308.00,4000
100232,0308.00,0308.00,0308.00,6000
100237,0307.50,0307.50,0307.50,2000
100242,0307.50,0307.50,0307.50,2000
100247,0308.00,0308.00,0308.00,4000
100252,0308.00,0308.00,0308.00,4000
100257,0307.50,0307.50,0307.50,2000
100302,0308.00,0308.00,0308.00,4000
100307,0307.50,0307.50,0307.50,8000
100312,0307.50,0307.50,0307.50,9000
100317,0307.50,0307.50,0307.50,30000
100327,0307.50,0307.50,0307.50,5000
100332,0307.50,0307.50,0307.50,4000
100337,0308.00,0308.00,0308.00,2000
100342,0308.00,0308.00,0308.00,1000
100348,0308.00,0308.00,0308.00,10000
100353,0307.50,0307.50,0307.50,9000
100358,0307.50,0307.50,0307.50,1000
100403,0307.50,0307.50,0307.50,24000
100408,0308.00,0308.00,0308.00,6000
100413,0307.50,0307.50,0307.50,23000
100418,0307.50,0307.50,0307.50,5000
100423,0308.00,0308.00,0308.00,6000
100428,0308.00,0308.00,0308.00,5000
100433,0308.00,0308.00,0308.00,2000
100438,0307.50,0307.50,0307.50,4000
100443,0308.00,0308.00,0308.00,3000
100448,0307.50,0307.50,0307.50,6000
100453,0308.00,0308.00,0308.00,1000
100458,0307.50,0307.50,0307.50,4000
100503,0308.00,0308.00,0308.00,7000
100508,0307.50,0307.50,0307.50,5000
100513,0308.00,0308.00,0308.00,2000
100518,0308.00,0308.00,0308.00,5000
100524,0308.00,0308.00,0308.00,1000
100529,0307.50,0307.50,0307.50,6000
100534,0308.00,0308.00,0308.00,4000
100539,0308.00,0308.00,0308.00,2000
100544,0307.50,0307.50,0307.50,2000
100549,0307.50,0307.50,0307.50,2000
100554,0308.00,0308.00,0308.00,6000
100559,0308.00,0308.00,0308.00,2000
100609,0308.00,0308.00,0308.00,6000
100614,0308.00,0308.00,0308.00,5000
100619,0307.50,0307.50,0307.50,2000
100629,0307.50,0307.50,0307.50,3000
100634,0308.00,0308.00,0308.00,4000
100644,0307.50,0307.50,0307.50,8000
100649,0308.00,0308.00,0308.00,5000
100654,0308.00,0308.00,0308.00,1000
100659,0308.00,0308.00,0308.00,5000
100704,0308.00,0308.00,0308.00,2000
100709,0307.50,0307.50,0307.50,2000
100714,0308.00,0308.00,0308.00,4000
100719,0307.50,0307.50,0307.50,9000
100724,0308.00,0308.00,0308.00,4000
100729,0307.50,0307.50,0307.50,7000
100739,0308.00,0308.00,0308.00,11000
100754,0308.00,0308.00,0308.00,3000
100759,0308.00,0308.00,0308.00,1000
100804,0308.00,0308.00,0308.00,1000
100809,0307.50,0307.50,0307.50,2000
100814,0308.00,0308.00,0308.00,1000
100819,0307.50,0307.50,0307.50,2000
100824,0307.50,0307.50,0307.50,1000
100829,0307.50,0307.50,0307.50,7000
100834,0308.00,0308.00,0308.00,2000
100839,0308.00,0308.00,0308.00,4000
100844,0308.00,0308.00,0308.00,1000
100854,0307.50,0307.50,0307.50,4000
100859,0308.00,0308.00,0308.00,2000
100904,0308.00,0308.00,0308.00,1000
100909,0307.50,0307.50,0307.50,12000
100914,0308.00,0308.00,0308.00,1000
100919,0308.00,0308.00,0308.00,2000
100924,0307.50,0307.50,0307.50,21000
100929,0307.50,0307.50,0307.50,4000
100934,0308.00,0308.00,0308.00,2000
100939,0307.50,0307.50,0307.50,32000
100944,0308.00,0308.00,0308.00,1000
100949,0307.50,0307.50,0307.50,31000
100955,0308.00,0308.00,0308.00,1000
101000,0307.50,0307.50,0307.50,8000
101005,0307.50,0307.50,0307.50,4000
101010,0308.00,0308.00,0308.00,1000
101015,0307.50,0307.50,0307.50,12000
101020,0307.50,0307.50,0307.50,14000
101025,0307.50,0307.50,0307.50,27000
101030,0307.50,0307.50,0307.50,2000
101035,0308.00,0308.00,0308.00,10000
101045,0307.50,0307.50,0307.50,10000
101050,0308.00,0308.00,0308.00,1000
101055,0307.50,0307.50,0307.50,3000
101100,0307.50,0307.50,0307.50,11000
101110,0307.50,0307.50,0307.50,32000
101115,0308.00,0308.00,0308.00,4000
101120,0308.00,0308.00,0308.00,2000
101125,0307.50,0307.50,0307.50,1000
101140,0307.50,0307.50,0307.50,2000
101145,0307.50,0307.50,0307.50,9000
101150,0307.50,0307.50,0307.50,13000
101200,0307.50,0307.50,0307.50,32000
101205,0308.00,0308.00,0308.00,2000
101210,0307.50,0307.50,0307.50,12000
101215,0307.50,0307.50,0307.50,17000
101220,0307.50,0307.50,0307.50,3000
101225,0307.50,0307.50,0307.50,32000
101230,0307.50,0307.50,0307.50,2000
101235,0307.50,0307.50,0307.50,15000
101240,0307.50,0307.50,0307.50,4000
101245,0307.50,0307.50,0307.50,2000
101250,0307.50,0307.50,0307.50,3000
101255,0307.50,0307.50,0307.50,21000
101300,0307.50,0307.50,0307.50,4000
101305,0307.50,0307.50,0307.50,11000
101315,0307.50,0307.50,0307.50,20000
101320,0308.00,0308.00,0308.00,7000
101325,0307.50,0307.50,0307.50,6000
101330,0307.50,0307.50,0307.50,26000
101335,0307.50,0307.50,0307.50,2000
101340,0307.50,0307.50,0307.50,9000
101345,0307.50,0307.50,0307.50,6000
101356,0307.50,0307.50,0307.50,6000
101401,0307.50,0307.50,0307.50,6000
101406,0307.50,0307.50,0307.50,13000
101411,0307.50,0307.50,0307.50,1000
101416,0307.50,0307.50,0307.50,8000
101421,0307.50,0307.50,0307.50,2000
101426,0307.50,0307.50,0307.50,11000
101431,0307.50,0307.50,0307.50,15000
101436,0307.50,0307.50,0307.50,1000
101441,0307.50,0307.50,0307.50,5000
101446,0307.50,0307.50,0307.50,2000
101451,0307.50,0307.50,0307.50,1000
101456,0307.50,0307.50,0307.50,11000
101501,0307.50,0307.50,0307.50,21000
101506,0307.50,0307.50,0307.50,16000
101511,0307.50,0307.50,0307.50,11000
101516,0307.50,0307.50,0307.50,3000
101521,0307.50,0307.50,0307.50,2000
101526,0307.50,0307.50,0307.50,12000
101531,0307.50,0307.50,0307.50,85000
101536,0307.50,0307.50,0307.50,135000
101541,0307.50,0307.50,0307.50,22000
101546,0307.50,0307.50,0307.50,15000
101551,0307.50,0307.50,0307.50,22000
101556,0307.50,0307.50,0307.50,38000
101601,0307.50,0307.50,0307.50,65000
101606,0307.50,0307.50,0307.50,586000
101611,0308.00,0308.00,0308.00,9000
101616,0307.50,0307.50,0307.50,6000
101621,0307.00,0307.00,0307.00,3000
101626,0307.00,0307.00,0307.00,61000
101631,0307.00,0307.00,0307.00,16000
101637,0307.50,0307.50,0307.50,9000
101642,0307.50,0307.50,0307.50,16000
101647,0307.00,0307.00,0307.00,3000
101652,0307.00,0307.00,0307.00,1000
101657,0307.00,0307.00,0307.00,5000
101702,0307.00,0307.00,0307.00,45000
101707,0307.00,0307.00,0307.00,3000
101717,0307.00,0307.00,0307.00,3000
101727,0307.00,0307.00,0307.00,5000
101732,0307.00,0307.00,0307.00,3000
101737,0307.00,0307.00,0307.00,22000
101742,0307.00,0307.00,0307.00,15000
101747,0307.50,0307.50,0307.50,1000
101752,0307.50,0307.50,0307.50,2000
101757,0307.00,0307.00,0307.00,4000
101802,0307.50,0307.50,0307.50,6000
101807,0307.50,0307.50,0307.50,3000
101817,0307.50,0307.50,0307.50,66000
101822,0307.50,0307.50,0307.50,8000
101827,0307.50,0307.50,0307.50,21000
101832,0307.50,0307.50,0307.50,8000
101837,0307.50,0307.50,0307.50,5000
101842,0307.00,0307.00,0307.00,10000
101847,0307.50,0307.50,0307.50,4000
101852,0307.50,0307.50,0307.50,8000
101857,0307.50,0307.50,0307.50,333000
101902,0307.50,0307.50,0307.50,8000
101907,0308.00,0308.00,0308.00,1000
101912,0307.50,0307.50,0307.50,160000
101917,0307.50,0307.50,0307.50,16000
101927,0307.50,0307.50,0307.50,4000
101932,0307.50,0307.50,0307.50,6000
101937,0307.50,0307.50,0307.50,14000
101942,0307.50,0307.50,0307.50,12000
101947,0307.50,0307.50,0307.50,20000
101952,0307.50,0307.50,0307.50,18000
101957,0307.50,0307.50,0307.50,16000
102002,0307.50,0307.50,0307.50,8000
102007,0307.50,0307.50,0307.50,30000
102012,0307.50,0307.50,0307.50,8000
102017,0307.00,0307.00,0307.00,4000
102022,0307.50,0307.50,0307.50,1000
102027,0307.00,0307.00,0307.00,100000
102032,0307.50,0307.50,0307.50,8000
102037,0307.50,0307.50,0307.50,2000
102042,0307.50,0307.50,0307.50,2000
102058,0307.50,0307.50,0307.50,2000
102103,0307.50,0307.50,0307.50,6000
102108,0307.50,0307.50,0307.50,4000
102123,0307.50,0307.50,0307.50,6000
102128,0307.50,0307.50,0307.50,3000
102133,0307.50,0307.50,0307.50,4000
102143,0307.50,0307.50,0307.50,28000
102148,0307.00,0307.00,0307.00,6000
102153,0307.50,0307.50,0307.50,34000
102208,0307.50,0307.50,0307.50,2000
102213,0307.50,0307.50,0307.50,6000
102218,0307.00,0307.00,0307.00,2000
102223,0307.50,0307.50,0307.50,7000
102228,0307.50,0307.50,0307.50,4000
102233,0307.50,0307.50,0307.50,4000
102238,0307.50,0307.50,0307.50,8000
102243,0307.50,0307.50,0307.50,6000
102248,0307.50,0307.50,0307.50,6000
102253,0307.50,0307.50,0307.50,2000
102258,0307.50,0307.50,0307.50,2000
102303,0307.50,0307.50,0307.50,4000
102308,0307.50,0307.50,0307.50,4000
102313,0307.50,0307.50,0307.50,4000
102318,0307.50,0307.50,0307.50,4000
102323,0307.50,0307.50,0307.50,6000
102333,0307.50,0307.50,0307.50,10000
102338,0307.50,0307.50,0307.50,10000
102343,0307.50,0307.50,0307.50,21000
102348,0307.50,0307.50,0307.50,9000
102354,0307.50,0307.50,0307.50,3000
102359,0307.50,0307.50,0307.50,3000
102404,0307.50,0307.50,0307.50,10000
102409,0307.50,0307.50,0307.50,3000
102414,0307.50,0307.50,0307.50,5000
102419,0307.50,0307.50,0307.50,7000
102424,0307.50,0307.50,0307.50,4000
102429,0307.50,0307.50,0307.50,9000
102434,0307.50,0307.50,0307.50,33000
102439,0307.50,0307.50,0307.50,14000
102444,0307.50,0307.50,0307.50,38000
102449,0307.50,0307.50,0307.50,9000
102454,0307.50,0307.50,0307.50,35000
102459,0307.50,0307.50,0307.50,7000
102504,0307.50,0307.50,0307.50,16000
102509,0307.50,0307.50,0307.50,14000
102514,0307.50,0307.50,0307.50,12000
102519,0307.50,0307.50,0307.50,6000
102524,0307.50,0307.50,0307.50,6000
102529,0307.50,0307.50,0307.50,3000
102534,0307.50,0307.50,0307.50,6000
102544,0307.50,0307.50,0307.50,5000
102549,0307.00,0307.00,0307.00,2000
102554,0307.50,0307.50,0307.50,10000
102559,0307.50,0307.50,0307.50,18000
102604,0307.50,0307.50,0307.50,7000
102609,0307.50,0307.50,0307.50,5000
102614,0307.50,0307.50,0307.50,21000
102619,0307.00,0307.00,0307.00,7000
102624,0307.00,0307.00,0307.00,3000
102629,0307.00,0307.00,0307.00,4000
102634,0307.50,0307.50,0307.50,8000
102639,0307.50,0307.50,0307.50,5000
102644,0307.50,0307.50,0307.50,8000
102649,0307.00,0307.00,0307.00,3000
102654,0307.00,0307.00,0307.00,1000
102659,0307.00,0307.00,0307.00,5000
102704,0307.50,0307.50,0307.50,28000
102709,0307.50,0307.50,0307.50,4000
102719,0307.00,0307.00,0307.00,6000
102724,0307.50,0307.50,0307.50,9000
102729,0307.00,0307.00,0307.00,1000
102734,0307.50,0307.50,0307.50,5000
102739,0307.50,0307.50,0307.50,5000
102745,0307.50,0307.50,0307.50,4000
102750,0307.50,0307.50,0307.50,4000
102755,0307.50,0307.50,0307.50,96000
102800,0307.50,0307.50,0307.50,21000
102805,0307.50,0307.50,0307.50,81000
102810,0307.50,0307.50,0307.50,72000
102815,0307.50,0307.50,0307.50,121000
102820,0307.50,0307.50,0307.50,205000
102825,0307.50,0307.50,0307.50,92000
102830,0307.50,0307.50,0307.50,21000
102835,0308.00,0308.00,0308.00,1000
102840,0308.00,0308.00,0308.00,1000
102845,0308.00,0308.00,0308.00,1000
102850,0308.00,0308.00,0308.00,2000
102855,0308.00,0308.00,0308.00,2000
102900,0308.00,0308.00,0308.00,2000
102905,0308.00,0308.00,0308.00,4000
102910,0308.00,0308.00,0308.00,2000
102915,0308.00,0308.00,0308.00,3000
102920,0308.00,0308.00,0308.00,1000
102925,0307.50,0307.50,0307.50,77000
102930,0307.50,0307.50,0307.50,25000
102940,0308.00,0308.00,0308.00,5000
102950,0308.00,0308.00,0308.00,1000
102955,0308.00,0308.00,0308.00,2000
103000,0308.00,0308.00,0308.00,2000
103005,0308.00,0308.00,0308.00,3000
103010,0308.00,0308.00,0308.00,3000
103015,0308.00,0308.00,0308.00,2000
103020,0308.00,0308.00,0308.00,2000
103025,0307.50,0307.50,0307.50,2000
103030,0307.50,0307.50,0307.50,5000
103035,0308.00,0308.00,0308.00,1000
103040,0308.00,0308.00,0308.00,3000
103050,0308.00,0308.00,0308.00,3000
103055,0308.00,0308.00,0308.00,1000
103100,0308.00,0308.00,0308.00,1000
103120,0307.50,0307.50,0307.50,1000
103125,0307.50,0307.50,0307.50,3000
103130,0308.00,0308.00,0308.00,2000
103140,0307.50,0307.50,0307.50,4000
103146,0307.50,0307.50,0307.50,1000
103206,0308.00,0308.00,0308.00,3000
103211,0308.00,0308.00,0308.00,1000
103221,0307.50,0307.50,0307.50,1000
103226,0307.50,0307.50,0307.50,1000
103236,0308.00,0308.00,0308.00,1000
103241,0307.50,0307.50,0307.50,2000
103246,0308.00,0308.00,0308.00,2000
103251,0308.00,0308.00,0308.00,2000
103256,0308.00,0308.00,0308.00,4000
103301,0307.50,0307.50,0307.50,2000
103306,0307.50,0307.50,0307.50,1000
103311,0308.00,0308.00,0308.00,3000
103321,0307.50,0307.50,0307.50,1000
103326,0307.50,0307.50,0307.50,1000
103336,0307.50,0307.50,0307.50,8000
103341,0307.50,0307.50,0307.50,1000
103346,0308.00,0308.00,0308.00,1000
103356,0308.00,0308.00,0308.00,1000
103402,0307.50,0307.50,0307.50,682000
103407,0307.50,0307.50,0307.50,97000
103412,0307.50,0307.50,0307.50,7000
103417,0307.50,0307.50,0307.50,8000
103422,0307.50,0307.50,0307.50,2000
103427,0307.50,0307.50,0307.50,2000
103432,0307.50,0307.50,0307.50,1000
103437,0307.50,0307.50,0307.50,658000
103442,0307.00,0307.00,0307.00,59000
103447,0307.00,0307.00,0307.00,1000
103452,0307.50,0307.50,0307.50,2000
103457,0307.50,0307.50,0307.50,3000
103517,0307.50,0307.50,0307.50,1000
103522,0307.50,0307.50,0307.50,1000
103527,0307.50,0307.50,0307.50,23000
103532,0307.50,0307.50,0307.50,4000
103537,0307.50,0307.50,0307.50,6000
103542,0307.50,0307.50,0307.50,10000
103547,0307.50,0307.50,0307.50,185000
103552,0307.50,0307.50,0307.50,11000
103557,0307.50,0307.50,0307.50,6000
103607,0307.50,0307.50,0307.50,1000
103612,0308.00,0308.00,0308.00,1000
103617,0307.50,0307.50,0307.50,4000
103622,0308.00,0308.00,0308.00,1000
103637,0307.50,0307.50,0307.50,397000
103642,0307.00,0307.00,0307.00,62000
103647,0307.50,0307.50,0307.50,4000
103652,0307.50,0307.50,0307.50,10000
103702,0307.50,0307.50,0307.50,25000
103707,0307.50,0307.50,0307.50,3000
103712,0307.50,0307.50,0307.50,4000
103717,0307.50,0307.50,0307.50,2000
103722,0307.00,0307.00,0307.00,8000
103727,0307.50,0307.50,0307.50,4000
103732,0307.00,0307.00,0307.00,3000
103742,0307.00,0307.00,0307.00,1000
103747,0307.50,0307.50,0307.50,1000
103752,0307.50,0307.50,0307.50,5000
103757,0307.50,0307.50,0307.50,1000
103802,0307.50,0307.50,0307.50,1000
103807,0307.50,0307.50,0307.50,1000
103817,0307.50,0307.50,0307.50,71000
103822,0307.50,0307.50,0307.50,1000
103827,0308.00,0308.00,0308.00,1000
103832,0307.50,0307.50,0307.50,4000
103837,0308.00,0308.00,0308.00,10000
103852,0307.50,0307.50,0307.50,2000
103857,0307.50,0307.50,0307.50,3000
103902,0308.00,0308.00,0308.00,2000
103907,0307.50,0307.50,0307.50,2000
103912,0307.50,0307.50,0307.50,1000
103918,0308.00,0308.00,0308.00,2000
103923,0307.50,0307.50,0307.50,1000
103933,0307.50,0307.50,0307.50,5000
103938,0307.50,0307.50,0307.50,1000
103948,0307.50,0307.50,0307.50,190000
103953,0307.50,0307.50,0307.50,67000
103958,0307.50,0307.50,0307.50,42000
104003,0307.50,0307.50,0307.50,9000
104013,0307.50,0307.50,0307.50,6000
104018,0307.50,0307.50,0307.50,4000
104023,0307.00,0307.00,0307.00,3000
104028,0307.50,0307.50,0307.50,12000
104033,0307.50,0307.50,0307.50,1000
104038,0307.50,0307.50,0307.50,1000
104043,0307.50,0307.50,0307.50,1000
104048,0307.50,0307.50,0307.50,3000
104108,0307.50,0307.50,0307.50,1000
104113,0307.50,0307.50,0307.50,2000
104123,0307.50,0307.50,0307.50,2000
104128,0307.50,0307.50,0307.50,2000
104133,0307.50,0307.50,0307.50,164000
104138,0307.50,0307.50,0307.50,6000
104143,0307.50,0307.50,0307.50,4000
104158,0308.00,0308.00,0308.00,1000
104203,0307.50,0307.50,0307.50,2000
104208,0307.50,0307.50,0307.50,1000
104223,0307.50,0307.50,0307.50,4000
104228,0307.50,0307.50,0307.50,3000
104243,0308.00,0308.00,0308.00,1000
104258,0308.00,0308.00,0308.00,1000
104308,0308.00,0308.00,0308.00,3000
104323,0308.00,0308.00,0308.00,2000
104329,0308.00,0308.00,0308.00,1000
104344,0307.50,0307.50,0307.50,2000
104349,0307.50,0307.50,0307.50,3000
104354,0308.00,0308.00,0308.00,1000
104404,0308.00,0308.00,0308.00,3000
104409,0308.00,0308.00,0308.00,1000
104419,0308.00,0308.00,0308.00,1000
104429,0307.50,0307.50,0307.50,1000
104434,0307.50,0307.50,0307.50,1000
104439,0308.00,0308.00,0308.00,1000
104449,0308.00,0308.00,0308.00,11000
104454,0308.00,0308.00,0308.00,1000
104459,0308.00,0308.00,0308.00,6000
104509,0308.00,0308.00,0308.00,6000
104514,0308.00,0308.00,0308.00,7000
104525,0307.50,0307.50,0307.50,7000
104530,0307.50,0307.50,0307.50,4000
104535,0307.50,0307.50,0307.50,4000
104540,0307.50,0307.50,0307.50,3000
104545,0307.50,0307.50,0307.50,10000
104550,0308.00,0308.00,0308.00,2000
104600,0308.00,0308.00,0308.00,1000
104605,0307.50,0307.50,0307.50,3000
104610,0307.50,0307.50,0307.50,3000
104615,0307.50,0307.50,0307.50,2000
104620,0307.50,0307.50,0307.50,1000
104625,0307.50,0307.50,0307.50,2000
104635,0307.50,0307.50,0307.50,1000
104640,0307.50,0307.50,0307.50,1000
104645,0308.00,0308.00,0308.00,1000
104655,0308.00,0308.00,0308.00,1000
104700,0308.00,0308.00,0308.00,1000
104710,0308.00,0308.00,0308.00,1000
104715,0307.50,0307.50,0307.50,10000
104720,0307.50,0307.50,0307.50,5000
104725,0307.50,0307.50,0307.50,1000
104730,0308.00,0308.00,0308.00,2000
104800,0307.50,0307.50,0307.50,7000
104805,0307.50,0307.50,0307.50,4000
104810,0307.50,0307.50,0307.50,7000
104825,0307.50,0307.50,0307.50,14000
104830,0307.50,0307.50,0307.50,1000
104835,0307.50,0307.50,0307.50,3000
104840,0308.00,0308.00,0308.00,1000
104850,0308.00,0308.00,0308.00,1000
104925,0308.00,0308.00,0308.00,2000
104945,0308.00,0308.00,0308.00,1000
104950,0308.00,0308.00,0308.00,1000
104955,0307.50,0307.50,0307.50,1000
105001,0307.50,0307.50,0307.50,26000
105011,0307.50,0307.50,0307.50,6000
105021,0307.50,0307.50,0307.50,92000
105026,0307.50,0307.50,0307.50,18000
105036,0307.50,0307.50,0307.50,3000
105041,0307.50,0307.50,0307.50,17000
105046,0307.50,0307.50,0307.50,5000
105051,0308.00,0308.00,0308.00,1000
105101,0308.00,0308.00,0308.00,1000
105116,0308.00,0308.00,0308.00,11000
105121,0308.00,0308.00,0308.00,2000
105131,0308.00,0308.00,0308.00,1000
105146,0308.00,0308.00,0308.00,1000
105151,0307.50,0307.50,0307.50,6000
105156,0307.50,0307.50,0307.50,8000
105201,0308.00,0308.00,0308.00,1000
105206,0307.50,0307.50,0307.50,2000
105211,0307.50,0307.50,0307.50,1000
105216,0308.00,0308.00,0308.00,10000
105226,0307.50,0307.50,0307.50,3000
105231,0307.50,0307.50,0307.50,4000
105236,0307.50,0307.50,0307.50,1000
105241,0307.50,0307.50,0307.50,1000
105246,0307.50,0307.50,0307.50,4000
105301,0307.50,0307.50,0307.50,22000
105306,0307.50,0307.50,0307.50,4000
105311,0307.50,0307.50,0307.50,4000
105316,0307.50,0307.50,0307.50,2000
105326,0307.50,0307.50,0307.50,8000
105331,0307.50,0307.50,0307.50,2000
105357,0308.00,0308.00,0308.00,2000
105412,0308.00,0308.00,0308.00,1000
105417,0308.00,0308.00,0308.00,2000
105422,0307.50,0307.50,0307.50,1000
105427,0307.50,0307.50,0307.50,25000
105432,0307.50,0307.50,0307.50,33000
105437,0307.50,0307.50,0307.50,5000
105452,0308.00,0308.00,0308.00,1000
105502,0308.00,0308.00,0308.00,3000
105517,0308.00,0308.00,0308.00,2000
105522,0308.00,0308.00,0308.00,2000
105527,0308.00,0308.00,0308.00,6000
105532,0307.50,0307.50,0307.50,7000
105537,0307.50,0307.50,0307.50,2000
105542,0308.00,0308.00,0308.00,2000
105547,0308.00,0308.00,0308.00,4000
105557,0308.00,0308.00,0308.00,2000
105622,0307.50,0307.50,0307.50,1000
105627,0307.50,0307.50,0307.50,1000
105632,0307.50,0307.50,0307.50,1000
105637,0307.50,0307.50,0307.50,1000
105647,0308.00,0308.00,0308.00,1000
105652,0307.50,0307.50,0307.50,6000
105657,0307.50,0307.50,0307.50,2000
105702,0307.50,0307.50,0307.50,24000
105707,0307.50,0307.50,0307.50,4000
105717,0307.50,0307.50,0307.50,2000
105722,0307.50,0307.50,0307.50,4000
105727,0307.50,0307.50,0307.50,3000
105732,0308.00,0308.00,0308.00,2000
105737,0308.00,0308.00,0308.00,2000
105748,0308.00,0308.00,0308.00,1000
105758,0307.50,0307.50,0307.50,23000
105803,0308.00,0308.00,0308.00,4000
105823,0308.00,0308.00,0308.00,2000
105828,0307.50,0307.50,0307.50,5000
105833,0307.50,0307.50,0307.50,3000
105838,0308.00,0308.00,0308.00,2000
105843,0308.00,0308.00,0308.00,2000
105848,0307.50,0307.50,0307.50,3000
105853,0308.00,0308.00,0308.00,4000
105913,0308.00,0308.00,0308.00,3000
105918,0307.50,0307.50,0307.50,4000
105923,0307.50,0307.50,0307.50,6000
105933,0307.50,0307.50,0307.50,26000
105938,0308.00,0308.00,0308.00,1000
105943,0307.50,0307.50,0307.50,4000
105953,0308.00,0308.00,0308.00,4000
110003,0307.50,0307.50,0307.50,28000
110008,0307.50,0307.50,0307.50,5000
110013,0307.50,0307.50,0307.50,87000
110018,0307.50,0307.50,0307.50,550000
110023,0307.50,0307.50,0307.50,63000
110028,0307.00,0307.00,0307.00,113000
110033,0307.00,0307.00,0307.00,14000
110038,0307.50,0307.50,0307.50,553000
110043,0307.00,0307.00,0307.00,97000
110048,0307.50,0307.50,0307.50,4000
110053,0307.00,0307.00,0307.00,33000
110103,0307.00,0307.00,0307.00,9000
110108,0307.50,0307.50,0307.50,6000
110113,0307.50,0307.50,0307.50,2000
110118,0307.50,0307.50,0307.50,2000
110123,0307.00,0307.00,0307.00,4000
110128,0307.00,0307.00,0307.00,2000
110133,0307.00,0307.00,0307.00,1000
110144,0307.50,0307.50,0307.50,2000
110149,0307.00,0307.00,0307.00,2000
110154,0307.50,0307.50,0307.50,2000
110159,0307.00,0307.00,0307.00,2000
110204,0307.00,0307.00,0307.00,1000
110209,0307.50,0307.50,0307.50,10000
110214,0307.00,0307.00,0307.00,4000
110219,0307.00,0307.00,0307.00,1000
110224,0307.50,0307.50,0307.50,1000
110229,0307.50,0307.50,0307.50,5000
110234,0307.50,0307.50,0307.50,25000
110239,0307.50,0307.50,0307.50,10000
110244,0307.50,0307.50,0307.50,28000
110249,0307.50,0307.50,0307.50,34000
110254,0307.50,0307.50,0307.50,12000
110259,0307.50,0307.50,0307.50,2000
110304,0307.50,0307.50,0307.50,20000
110309,0307.50,0307.50,0307.50,26000
110314,0307.50,0307.50,0307.50,4000
110319,0307.50,0307.50,0307.50,34000
110324,0307.50,0307.50,0307.50,12000
110329,0307.50,0307.50,0307.50,12000
110334,0307.50,0307.50,0307.50,30000
110339,0307.50,0307.50,0307.50,12000
110344,0307.50,0307.50,0307.50,26000
110349,0307.50,0307.50,0307.50,3000
110354,0307.00,0307.00,0307.00,6000
110400,0307.00,0307.00,0307.00,4000
110405,0307.50,0307.50,0307.50,2000
110410,0307.50,0307.50,0307.50,2000
110430,0307.50,0307.50,0307.50,2000
110440,0307.50,0307.50,0307.50,6000
110445,0307.50,0307.50,0307.50,2000
110450,0307.00,0307.00,0307.00,2000
110500,0307.50,0307.50,0307.50,16000
110505,0307.50,0307.50,0307.50,4000
110510,0307.50,0307.50,0307.50,14000
110515,0307.50,0307.50,0307.50,2000
110525,0307.00,0307.00,0307.00,2000
110530,0307.50,0307.50,0307.50,1000
110540,0307.50,0307.50,0307.50,2000
110545,0307.00,0307.00,0307.00,2000
110555,0307.50,0307.50,0307.50,5000
110605,0307.50,0307.50,0307.50,1000
110615,0307.50,0307.50,0307.50,1000
110625,0307.50,0307.50,0307.50,2000
110630,0307.00,0307.00,0307.00,3000
110635,0307.50,0307.50,0307.50,2000
110640,0307.50,0307.50,0307.50,1000
110645,0307.50,0307.50,0307.50,1000
110655,0307.50,0307.50,0307.50,1000
110700,0307.00,0307.00,0307.00,20000
110705,0307.50,0307.50,0307.50,2000
110715,0307.50,0307.50,0307.50,1000
110720,0307.50,0307.50,0307.50,1000
110730,0307.50,0307.50,0307.50,3000
110740,0307.50,0307.50,0307.50,40000
110745,0307.50,0307.50,0307.50,1000
110755,0307.50,0307.50,0307.50,1000
110800,0307.50,0307.50,0307.50,2000
110805,0307.50,0307.50,0307.50,3000
110810,0307.50,0307.50,0307.50,1000
110820,0307.50,0307.50,0307.50,1000
110825,0307.00,0307.00,0307.00,3000
110840,0307.00,0307.00,0307.00,12000
110845,0307.50,0307.50,0307.50,1000
110851,0307.50,0307.50,0307.50,1000
110856,0307.50,0307.50,0307.50,1000
110911,0307.50,0307.50,0307.50,2000
110916,0307.50,0307.50,0307.50,5000
110921,0307.00,0307.00,0307.00,2000
110931,0307.00,0307.00,0307.00,4000
110936,0307.50,0307.50,0307.50,5000
110941,0307.50,0307.50,0307.50,3000
110946,0307.50,0307.50,0307.50,5000
110951,0307.50,0307.50,0307.50,1000
110956,0307.50,0307.50,0307.50,1000
111001,0307.50,0307.50,0307.50,12000
111011,0307.50,0307.50,0307.50,2000
111016,0307.50,0307.50,0307.50,1000
111021,0307.50,0307.50,0307.50,2000
111026,0307.00,0307.00,0307.00,1000
111031,0307.00,0307.00,0307.00,2000
111046,0307.50,0307.50,0307.50,6000
111051,0307.50,0307.50,0307.50,2000
111101,0307.50,0307.50,0307.50,2000
111106,0307.50,0307.50,0307.50,1000
111111,0307.50,0307.50,0307.50,6000
111116,0307.00,0307.00,0307.00,2000
111121,0307.00,0307.00,0307.00,2000
111126,0307.00,0307.00,0307.00,1000
111131,0307.50,0307.50,0307.50,1000
111136,0307.50,0307.50,0307.50,8000
111141,0307.50,0307.50,0307.50,2000
111146,0307.00,0307.00,0307.00,3000
111151,0307.50,0307.50,0307.50,3000
111156,0307.50,0307.50,0307.50,2000
111201,0307.50,0307.50,0307.50,16000
111206,0307.50,0307.50,0307.50,2000
111216,0307.50,0307.50,0307.50,2000
111221,0307.50,0307.50,0307.50,6000
111226,0307.00,0307.00,0307.00,4000
111231,0307.00,0307.00,0307.00,1000
111237,0307.50,0307.50,0307.50,2000
111257,0307.50,0307.50,0307.50,2000
111302,0307.50,0307.50,0307.50,2000
111307,0307.50,0307.50,0307.50,2000
111317,0307.50,0307.50,0307.50,1000
111322,0307.00,0307.00,0307.00,2000
111327,0307.50,0307.50,0307.50,6000
111332,0307.50,0307.50,0307.50,3000
111347,0307.50,0307.50,0307.50,1000
111352,0307.50,0307.50,0307.50,1000
111357,0307.00,0307.00,0307.00,1000
111402,0307.50,0307.50,0307.50,15000
111408,0307.50,0307.50,0307.50,2000
111413,0307.50,0307.50,0307.50,3000
111418,0307.50,0307.50,0307.50,2000
111423,0307.00,0307.00,0307.00,1000
111433,0307.50,0307.50,0307.50,2000
111438,0307.50,0307.50,0307.50,2000
111443,0307.00,0307.00,0307.00,4000
111448,0307.00,0307.00,0307.00,4000
111458,0307.50,0307.50,0307.50,2000
111503,0307.50,0307.50,0307.50,3000
111508,0307.00,0307.00,0307.00,2000
111513,0307.00,0307.00,0307.00,6000
111518,0307.50,0307.50,0307.50,4000
111523,0307.00,0307.00,0307.00,2000
111528,0307.50,0307.50,0307.50,3000
111543,0307.50,0307.50,0307.50,4000
111548,0307.50,0307.50,0307.50,10000
111558,0307.50,0307.50,0307.50,8000
111603,0307.50,0307.50,0307.50,6000
111613,0307.50,0307.50,0307.50,4000
111623,0307.00,0307.00,0307.00,5000
111628,0307.00,0307.00,0307.00,3000
111633,0307.50,0307.50,0307.50,2000
111638,0307.50,0307.50,0307.50,4000
111643,0307.50,0307.50,0307.50,4000
111653,0307.50,0307.50,0307.50,4000
111703,0307.50,0307.50,0307.50,25000
111708,0307.50,0307.50,0307.50,3000
111713,0307.50,0307.50,0307.50,3000
111718,0307.50,0307.50,0307.50,1000
111723,0307.00,0307.00,0307.00,3000
111733,0307.50,0307.50,0307.50,1000
111738,0307.50,0307.50,0307.50,3000
111743,0307.50,0307.50,0307.50,2000
111753,0307.50,0307.50,0307.50,24000
111803,0307.50,0307.50,0307.50,6000
111808,0307.50,0307.50,0307.50,20000
111813,0307.50,0307.50,0307.50,2000
111818,0307.50,0307.50,0307.50,2000
111823,0307.50,0307.50,0307.50,2000
111828,0307.00,0307.00,0307.00,1000
111838,0307.50,0307.50,0307.50,4000
111843,0307.50,0307.50,0307.50,3000
111848,0307.50,0307.50,0307.50,2000
111858,0307.50,0307.50,0307.50,3000
111903,0307.50,0307.50,0307.50,2000
111908,0307.50,0307.50,0307.50,2000
111919,0307.00,0307.00,0307.00,2000
111924,0307.50,0307.50,0307.50,1000
111929,0307.00,0307.00,0307.00,2000
111934,0307.50,0307.50,0307.50,2000
111944,0307.50,0307.50,0307.50,1000
111949,0307.50,0307.50,0307.50,2000
111954,0307.50,0307.50,0307.50,13000
112004,0307.50,0307.50,0307.50,3000
112009,0307.50,0307.50,0307.50,4000
112014,0307.50,0307.50,0307.50,3000
112019,0307.50,0307.50,0307.50,4000
112024,0307.00,0307.00,0307.00,1000
112029,0307.00,0307.00,0307.00,2000
112034,0307.50,0307.50,0307.50,10000
112039,0307.50,0307.50,0307.50,1000
112044,0307.50,0307.50,0307.50,1000
112049,0307.50,0307.50,0307.50,1000
112059,0307.50,0307.50,0307.50,4000
112104,0307.50,0307.50,0307.50,2000
112109,0307.50,0307.50,0307.50,4000
112114,0307.00,0307.00,0307.00,10000
112119,0307.50,0307.50,0307.50,2000
112124,0307.00,0307.00,0307.00,26000
112129,0307.00,0307.00,0307.00,5000
112139,0307.00,0307.00,0307.00,1000
112149,0307.50,0307.50,0307.50,1000
112154,0307.50,0307.50,0307.50,2000
112159,0307.50,0307.50,0307.50,1000
112204,0307.50,0307.50,0307.50,12000
112209,0307.50,0307.50,0307.50,3000
112214,0307.50,0307.50,0307.50,4000
112219,0307.50,0307.50,0307.50,3000
112224,0307.50,0307.50,0307.50,1000
112229,0307.00,0307.00,0307.00,1000
112239,0307.50,0307.50,0307.50,4000
112244,0307.50,0307.50,0307.50,1000
112254,0307.50,0307.50,0307.50,1000
112259,0307.50,0307.50,0307.50,1000
112304,0307.00,0307.00,0307.00,4000
112309,0307.50,0307.50,0307.50,1000
112314,0307.50,0307.50,0307.50,12000
112319,0307.50,0307.50,0307.50,1000
112325,0307.50,0307.50,0307.50,1000
112330,0307.00,0307.00,0307.00,2000
112335,0307.50,0307.50,0307.50,4000
112340,0307.50,0307.50,0307.50,1000
112345,0307.50,0307.50,0307.50,4000
112350,0307.50,0307.50,0307.50,4000
112355,0307.50,0307.50,0307.50,1000
112400,0307.00,0307.00,0307.00,24000
112405,0307.00,0307.00,0307.00,3000
112410,0307.50,0307.50,0307.50,2000
112415,0307.50,0307.50,0307.50,3000
112425,0307.00,0307.00,0307.00,1000
112430,0307.50,0307.50,0307.50,2000
112435,0307.50,0307.50,0307.50,1000
112440,0307.00,0307.00,0307.00,30000
112445,0307.00,0307.00,0307.00,3000
112455,0307.50,0307.50,0307.50,1000
112500,0307.50,0307.50,0307.50,3000
112505,0307.50,0307.50,0307.50,1000
112510,0307.50,0307.50,0307.50,8000
112515,0307.50,0307.50,0307.50,2000
112521,0307.00,0307.00,0307.00,2000
112531,0307.00,0307.00,0307.00,2000
112536,0307.50,0307.50,0307.50,1000
112541,0307.50,0307.50,0307.50,2000
112546,0307.50,0307.50,0307.50,2000
112556,0307.50,0307.50,0307.50,3000
112601,0307.50,0307.50,0307.50,1000
112621,0307.50,0307.50,0307.50,5000
112626,0307.00,0307.00,0307.00,2000
112631,0307.00,0307.00,0307.00,1000
112636,0307.50,0307.50,0307.50,1000
112651,0307.00,0307.00,0307.00,2000
112656,0307.50,0307.50,0307.50,2000
112706,0307.50,0307.50,0307.50,1000
112711,0307.00,0307.00,0307.00,1000
112721,0307.50,0307.50,0307.50,3000
112726,0307.00,0307.00,0307.00,2000
112736,0307.50,0307.50,0307.50,3000
112741,0307.00,0307.00,0307.00,42000
112746,0307.00,0307.00,0307.00,5000
112756,0307.50,0307.50,0307.50,2000
112801,0307.00,0307.00,0307.00,24000
112806,0307.50,0307.50,0307.50,7000
112811,0307.50,0307.50,0307.50,8000
112816,0307.50,0307.50,0307.50,2000
112821,0307.00,0307.00,0307.00,3000
112826,0307.00,0307.00,0307.00,86000
112831,0307.00,0307.00,0307.00,8000
112841,0307.50,0307.50,0307.50,1000
112846,0307.50,0307.50,0307.50,5000
112856,0307.50,0307.50,0307.50,8000
112901,0307.50,0307.50,0307.50,7000
112906,0307.00,0307.00,0307.00,1000
112911,0307.50,0307.50,0307.50,1000
112916,0307.50,0307.50,0307.50,2000
112921,0307.00,0307.00,0307.00,48000
112926,0307.00,0307.00,0307.00,7000
112931,0307.00,0307.00,0307.00,40000
112936,0307.00,0307.00,0307.00,3000
112941,0307.00,0307.00,0307.00,20000
112946,0307.00,0307.00,0307.00,2000
112952,0307.50,0307.50,0307.50,10000
112957,0307.50,0307.50,0307.50,2000
113002,0307.50,0307.50,0307.50,3000
113012,0307.50,0307.50,0307.50,2000
113017,0307.00,0307.00,0307.00,2000
113022,0307.00,0307.00,0307.00,12000
113027,0307.00,0307.00,0307.00,29000
113032,0307.00,0307.00,0307.00,12000
113037,0307.00,0307.00,0307.00,3000
113042,0307.50,0307.50,0307.50,2000
113047,0307.00,0307.00,0307.00,30000
113052,0307.00,0307.00,0307.00,3000
113057,0307.00,0307.00,0307.00,4000
113102,0307.00,0307.00,0307.00,24000
113107,0307.00,0307.00,0307.00,171000
113112,0307.00,0307.00,0307.00,82000
113117,0307.00,0307.00,0307.00,458000
113122,0307.00,0307.00,0307.00,160000
113127,0307.00,0307.00,0307.00,162000
113132,0307.00,0307.00,0307.00,12000
113137,0307.00,0307.00,0307.00,14000
113142,0307.00,0307.00,0307.00,165000
113147,0307.00,0307.00,0307.00,20000
113152,0307.00,0307.00,0307.00,104000
113157,0307.00,0307.00,0307.00,156000
113202,0307.00,0307.00,0307.00,861000
113207,0307.00,0307.00,0307.00,580000
113212,0307.00,0307.00,0307.00,456000
113217,0307.00,0307.00,0307.00,74000
113222,0307.00,0307.00,0307.00,14000
113227,0307.00,0307.00,0307.00,3000
113232,0307.00,0307.00,0307.00,1000
113237,0307.00,0307.00,0307.00,2000
113242,0307.00,0307.00,0307.00,4000
113247,0307.00,0307.00,0307.00,2000
113252,0306.50,0306.50,0306.50,10000
113257,0307.00,0307.00,0307.00,4000
113302,0306.50,0306.50,0306.50,3000
113307,0307.00,0307.00,0307.00,10000
113312,0307.00,0307.00,0307.00,2000
113317,0306.50,0306.50,0306.50,4000
113322,0306.50,0306.50,0306.50,2000
113327,0306.50,0306.50,0306.50,4000
113342,0307.00,0307.00,0307.00,4000
113348,0307.00,0307.00,0307.00,6000
113403,0307.00,0307.00,0307.00,4000
113408,0306.50,0306.50,0306.50,3000
113413,0307.00,0307.00,0307.00,2000
113418,0307.00,0307.00,0307.00,18000
113423,0307.00,0307.00,0307.00,2000
113428,0307.00,0307.00,0307.00,2000
113433,0307.00,0307.00,0307.00,3000
113458,0307.00,0307.00,0307.00,8000
113503,0306.50,0306.50,0306.50,36000
113508,0307.00,0307.00,0307.00,7000
113513,0307.00,0307.00,0307.00,3000
113518,0306.50,0306.50,0306.50,2000
113523,0306.50,0306.50,0306.50,96000
113528,0307.00,0307.00,0307.00,2000
113533,0306.50,0306.50,0306.50,2000
113538,0306.50,0306.50,0306.50,82000
113543,0307.00,0307.00,0307.00,4000
113548,0306.50,0306.50,0306.50,10000
113553,0306.50,0306.50,0306.50,2000
113558,0306.50,0306.50,0306.50,6000
113603,0307.00,0307.00,0307.00,4000
113613,0307.00,0307.00,0307.00,6000
113618,0307.00,0307.00,0307.00,2000
113623,0306.50,0306.50,0306.50,7000
113629,0306.50,0306.50,0306.50,1000
113639,0307.00,0307.00,0307.00,4000
113644,0306.50,0306.50,0306.50,5000
113649,0306.50,0306.50,0306.50,5000
113654,0306.50,0306.50,0306.50,7000
113659,0306.50,0306.50,0306.50,5000
113704,0306.50,0306.50,0306.50,7000
113709,0306.50,0306.50,0306.50,169000
113714,0306.50,0306.50,0306.50,59000
113719,0306.50,0306.50,0306.50,14000
113724,0306.50,0306.50,0306.50,127000
113729,0306.50,0306.50,0306.50,78000
113734,0306.50,0306.50,0306.50,14000
113739,0306.50,0306.50,0306.50,478000
113744,0306.50,0306.50,0306.50,61000
113749,0306.00,0306.00,0306.00,56000
113754,0306.50,0306.50,0306.50,4000
113759,0306.00,0306.00,0306.00,8000
113804,0306.00,0306.00,0306.00,22000
113814,0306.00,0306.00,0306.00,8000
113824,0306.00,0306.00,0306.00,9000
113829,0306.00,0306.00,0306.00,1000
113834,0306.00,0306.00,0306.00,1000
113839,0306.50,0306.50,0306.50,3000
113844,0306.50,0306.50,0306.50,2000
113849,0306.50,0306.50,0306.50,6000
113854,0306.50,0306.50,0306.50,10000
113859,0306.50,0306.50,0306.50,2000
113904,0306.50,0306.50,0306.50,10000
113909,0306.50,0306.50,0306.50,4000
113919,0306.00,0306.00,0306.00,4000
113924,0306.50,0306.50,0306.50,6000
113929,0306.00,0306.00,0306.00,2000
113939,0306.00,0306.00,0306.00,1000
113944,0306.50,0306.50,0306.50,1000
113949,0306.00,0306.00,0306.00,2000
113954,0306.00,0306.00,0306.00,6000
113959,0306.00,0306.00,0306.00,9000
114004,0306.00,0306.00,0306.00,4000
114009,0306.00,0306.00,0306.00,6000
114019,0306.00,0306.00,0306.00,11000
114024,0306.00,0306.00,0306.00,4000
114029,0306.50,0306.50,0306.50,3000
114034,0306.50,0306.50,0306.50,2000
114039,0306.00,0306.00,0306.00,8000
114045,0306.00,0306.00,0306.00,2000
114050,0306.00,0306.00,0306.00,1000
114105,0306.00,0306.00,0306.00,8000
114110,0306.00,0306.00,0306.00,126000
114115,0306.00,0306.00,0306.00,8000
114120,0306.00,0306.00,0306.00,4000
114125,0306.00,0306.00,0306.00,2000
114130,0306.00,0306.00,0306.00,6000
114135,0306.00,0306.00,0306.00,4000
114140,0306.00,0306.00,0306.00,12000
114145,0306.00,0306.00,0306.00,4000
114150,0306.00,0306.00,0306.00,2000
114155,0306.50,0306.50,0306.50,3000
114200,0306.00,0306.00,0306.00,32000
114205,0306.00,0306.00,0306.00,14000
114210,0306.00,0306.00,0306.00,15000
114215,0306.00,0306.00,0306.00,92000
114220,0306.00,0306.00,0306.00,4000
114225,0306.00,0306.00,0306.00,6000
114230,0306.00,0306.00,0306.00,9000
114235,0306.00,0306.00,0306.00,31000
114240,0306.00,0306.00,0306.00,2000
114250,0306.00,0306.00,0306.00,7000
114255,0306.00,0306.00,0306.00,3000
114300,0306.50,0306.50,0306.50,4000
114305,0306.50,0306.50,0306.50,1000
114315,0306.50,0306.50,0306.50,2000
114320,0306.00,0306.00,0306.00,6000
114325,0306.50,0306.50,0306.50,4000
114330,0306.00,0306.00,0306.00,12000
114335,0306.50,0306.50,0306.50,6000
114340,0306.00,0306.00,0306.00,4000
114345,0306.00,0306.00,0306.00,4000
114356,0306.50,0306.50,0306.50,2000
114401,0306.00,0306.00,0306.00,6000
114411,0306.00,0306.00,0306.00,5000
114416,0306.50,0306.50,0306.50,2000
114421,0306.00,0306.00,0306.00,2000
114426,0306.00,0306.00,0306.00,5000
114431,0306.50,0306.50,0306.50,2000
114441,0306.00,0306.00,0306.00,10000
114446,0306.50,0306.50,0306.50,2000
114451,0306.50,0306.50,0306.50,2000
114456,0306.00,0306.00,0306.00,2000
114501,0306.00,0306.00,0306.00,21000
114506,0306.00,0306.00,0306.00,10000
114511,0306.00,0306.00,0306.00,10000
114516,0306.00,0306.00,0306.00,14000
114521,0306.00,0306.00,0306.00,555000
114526,0306.00,0306.00,0306.00,8000
114536,0306.00,0306.00,0306.00,2000
114541,0305.50,0305.50,0305.50,14000
114546,0306.00,0306.00,0306.00,2000
114551,0306.00,0306.00,0306.00,82000
114556,0305.50,0305.50,0305.50,8000
114601,0305.50,0305.50,0305.50,11000
114606,0305.50,0305.50,0305.50,2000
114611,0305.50,0305.50,0305.50,10000
114616,0305.50,0305.50,0305.50,16000
114621,0305.50,0305.50,0305.50,2000
114626,0305.50,0305.50,0305.50,4000
114631,0305.50,0305.50,0305.50,4000
114636,0306.00,0306.00,0306.00,8000
114641,0305.50,0305.50,0305.50,4000
114646,0305.50,0305.50,0305.50,10000
114651,0305.50,0305.50,0305.50,4000
114656,0305.50,0305.50,0305.50,12000
114701,0305.50,0305.50,0305.50,8000
114706,0305.50,0305.50,0305.50,16000
114711,0305.50,0305.50,0305.50,4000
114716,0306.00,0306.00,0306.00,4000
114721,0306.00,0306.00,0306.00,2000
114726,0305.50,0305.50,0305.50,40000
114732,0306.00,0306.00,0306.00,7000
114737,0306.00,0306.00,0306.00,2000
114742,0306.00,0306.00,0306.00,8000
114747,0306.00,0306.00,0306.00,2000
114752,0306.00,0306.00,0306.00,4000
114757,0305.50,0305.50,0305.50,14000
114802,0305.50,0305.50,0305.50,7000
114807,0306.00,0306.00,0306.00,4000
114812,0306.00,0306.00,0306.00,4000
114822,0306.00,0306.00,0306.00,140000
114827,0305.50,0305.50,0305.50,20000
114832,0306.00,0306.00,0306.00,18000
114837,0306.00,0306.00,0306.00,57000
114842,0306.00,0306.00,0306.00,191000
114847,0306.00,0306.00,0306.00,10000
114857,0306.50,0306.50,0306.50,2000
114902,0306.00,0306.00,0306.00,20000
114907,0306.50,0306.50,0306.50,6000
114917,0306.50,0306.50,0306.50,6000
114932,0306.00,0306.00,0306.00,2000
114937,0306.50,0306.50,0306.50,4000
114947,0306.50,0306.50,0306.50,4000
115007,0306.50,0306.50,0306.50,4000
115012,0306.50,0306.50,0306.50,10000
115022,0306.50,0306.50,0306.50,2000
115027,0306.00,0306.00,0306.00,1000
115032,0306.50,0306.50,0306.50,3000
115037,0306.50,0306.50,0306.50,2000
115047,0306.50,0306.50,0306.50,2000
115052,0306.50,0306.50,0306.50,8000
115127,0306.00,0306.00,0306.00,4000
115133,0306.50,0306.50,0306.50,4000
115138,0306.50,0306.50,0306.50,2000
115143,0306.50,0306.50,0306.50,2000
115148,0306.50,0306.50,0306.50,10000
115153,0306.50,0306.50,0306.50,2000
115208,0306.00,0306.00,0306.00,84000
115233,0306.00,0306.00,0306.00,1000
115238,0306.00,0306.00,0306.00,6000
115243,0306.50,0306.50,0306.50,2000
115248,0306.50,0306.50,0306.50,2000
115253,0306.50,0306.50,0306.50,4000
115258,0306.50,0306.50,0306.50,2000
115308,0306.50,0306.50,0306.50,4000
115323,0306.50,0306.50,0306.50,2000
115328,0306.50,0306.50,0306.50,10000
115333,0306.00,0306.00,0306.00,2000
115353,0306.50,0306.50,0306.50,2000
115404,0306.50,0306.50,0306.50,28000
115414,0306.50,0306.50,0306.50,2000
115419,0306.50,0306.50,0306.50,2000
115429,0306.50,0306.50,0306.50,1000
115439,0306.50,0306.50,0306.50,6000
115449,0306.50,0306.50,0306.50,1000
115504,0306.50,0306.50,0306.50,36000
115509,0306.50,0306.50,0306.50,5000
115514,0306.50,0306.50,0306.50,15000
115519,0306.50,0306.50,0306.50,18000
115524,0306.50,0306.50,0306.50,16000
115529,0306.50,0306.50,0306.50,2000
115534,0306.50,0306.50,0306.50,14000
115539,0306.50,0306.50,0306.50,10000
115549,0306.50,0306.50,0306.50,10000
115554,0306.50,0306.50,0306.50,29000
115559,0306.50,0306.50,0306.50,8000
115604,0306.50,0306.50,0306.50,8000
115609,0306.50,0306.50,0306.50,2000
115614,0306.50,0306.50,0306.50,4000
115619,0306.50,0306.50,0306.50,2000
115624,0306.50,0306.50,0306.50,12000
115629,0306.50,0306.50,0306.50,4000
115634,0306.50,0306.50,0306.50,9000
115649,0306.50,0306.50,0306.50,11000
115659,0306.50,0306.50,0306.50,6000
115704,0306.50,0306.50,0306.50,2000
115709,0306.50,0306.50,0306.50,18000
115714,0306.50,0306.50,0306.50,4000
115719,0306.50,0306.50,0306.50,6000
115724,0306.50,0306.50,0306.50,14000
115729,0306.50,0306.50,0306.50,16000
115734,0306.50,0306.50,0306.50,9000
115749,0307.00,0307.00,0307.00,2000
115809,0307.00,0307.00,0307.00,2000
115814,0306.50,0306.50,0306.50,6000
115829,0307.00,0307.00,0307.00,3000
115835,0307.00,0307.00,0307.00,2000
115840,0307.00,0307.00,0307.00,2000
115845,0307.00,0307.00,0307.00,2000
115900,0307.00,0307.00,0307.00,11000
115905,0307.00,0307.00,0307.00,2000
115910,0306.50,0306.50,0306.50,2000
115935,0306.50,0306.50,0306.50,4000
115945,0307.00,0307.00,0307.00,6000
115955,0307.00,0307.00,0307.00,2000
120005,0306.50,0306.50,0306.50,2000
120010,0306.50,0306.50,0306.50,2000
120025,0306.50,0306.50,0306.50,2000
120030,0307.00,0307.00,0307.00,4000
120035,0306.50,0306.50,0306.50,1000
120055,0306.50,0306.50,0306.50,4000
120100,0307.00,0307.00,0307.00,2000
120105,0307.00,0307.00,0307.00,6000
120110,0307.00,0307.00,0307.00,2000
120120,0306.50,0306.50,0306.50,1000
120130,0307.00,0307.00,0307.00,5000
120135,0306.50,0306.50,0306.50,1000
120140,0307.00,0307.00,0307.00,2000
120155,0307.00,0307.00,0307.00,4000
120205,0307.00,0307.00,0307.00,2000
120215,0307.00,0307.00,0307.00,2000
120226,0307.00,0307.00,0307.00,1000
120231,0307.00,0307.00,0307.00,3000
120236,0307.00,0307.00,0307.00,1000
120241,0307.00,0307.00,0307.00,1000
120246,0307.00,0307.00,0307.00,7000
120251,0307.00,0307.00,0307.00,4000
120256,0307.00,0307.00,0307.00,2000
120301,0307.00,0307.00,0307.00,12000
120316,0307.00,0307.00,0307.00,3000
120336,0307.00,0307.00,0307.00,2000
120401,0307.00,0307.00,0307.00,2000
120407,0307.00,0307.00,0307.00,4000
120412,0307.00,0307.00,0307.00,2000
120427,0307.00,0307.00,0307.00,2000
120437,0307.00,0307.00,0307.00,2000
120452,0307.00,0307.00,0307.00,2000
120502,0307.00,0307.00,0307.00,2000
120507,0307.00,0307.00,0307.00,2000
120512,0307.00,0307.00,0307.00,2000
120522,0306.50,0306.50,0306.50,2000
120527,0306.50,0306.50,0306.50,3000
120532,0306.50,0306.50,0306.50,2000
120537,0307.00,0307.00,0307.00,2000
120542,0306.50,0306.50,0306.50,1000
120547,0307.00,0307.00,0307.00,40000
120602,0306.50,0306.50,0306.50,22000
120607,0306.50,0306.50,0306.50,2000
120612,0306.50,0306.50,0306.50,2000
120617,0306.50,0306.50,0306.50,2000
120632,0306.50,0306.50,0306.50,6000
120637,0306.50,0306.50,0306.50,2000
120642,0307.00,0307.00,0307.00,6000
120647,0306.50,0306.50,0306.50,8000
120657,0306.50,0306.50,0306.50,2000
120707,0306.50,0306.50,0306.50,1000
120722,0307.00,0307.00,0307.00,8000
120727,0306.50,0306.50,0306.50,4000
120742,0306.50,0306.50,0306.50,3000
120747,0306.50,0306.50,0306.50,21000
120752,0306.50,0306.50,0306.50,3000
120757,0307.00,0307.00,0307.00,2000
120802,0306.50,0306.50,0306.50,2000
120807,0306.50,0306.50,0306.50,2000
120817,0306.50,0306.50,0306.50,14000
120822,0307.00,0307.00,0307.00,4000
120832,0306.50,0306.50,0306.50,6000
120837,0307.00,0307.00,0307.00,2000
120847,0306.50,0306.50,0306.50,4000
120852,0307.00,0307.00,0307.00,4000
120857,0307.00,0307.00,0307.00,2000
120903,0307.00,0307.00,0307.00,1000
120918,0307.00,0307.00,0307.00,4000
120928,0306.50,0306.50,0306.50,1000
120933,0306.50,0306.50,0306.50,4000
120938,0306.50,0306.50,0306.50,2000
120943,0306.50,0306.50,0306.50,7000
120948,0307.00,0307.00,0307.00,9000
120953,0307.00,0307.00,0307.00,2000
120958,0306.50,0306.50,0306.50,4000
121003,0306.50,0306.50,0306.50,23000
121008,0306.50,0306.50,0306.50,18000
121013,0306.50,0306.50,0306.50,24000
121018,0306.50,0306.50,0306.50,3000
121023,0306.50,0306.50,0306.50,74000
121028,0306.50,0306.50,0306.50,123000
121033,0306.50,0306.50,0306.50,133000
121038,0306.50,0306.50,0306.50,48000
121043,0306.50,0306.50,0306.50,13000
121048,0306.50,0306.50,0306.50,11000
121053,0306.50,0306.50,0306.50,2000
121103,0306.50,0306.50,0306.50,2000
121108,0306.50,0306.50,0306.50,4000
121113,0306.00,0306.00,0306.00,2000
121118,0306.50,0306.50,0306.50,4000
121123,0306.50,0306.50,0306.50,2000
121133,0306.00,0306.00,0306.00,7000
121148,0306.00,0306.00,0306.00,2000
121203,0306.00,0306.00,0306.00,2000
121208,0306.00,0306.00,0306.00,3000
121213,0306.00,0306.00,0306.00,8000
121218,0306.50,0306.50,0306.50,2000
121223,0306.50,0306.50,0306.50,2000
121233,0306.00,0306.00,0306.00,2000
121243,0306.50,0306.50,0306.50,2000
121248,0306.50,0306.50,0306.50,4000
121258,0306.50,0306.50,0306.50,16000
121303,0306.50,0306.50,0306.50,8000
121319,0306.00,0306.00,0306.00,1000
121324,0306.50,0306.50,0306.50,4000
121329,0306.00,0306.00,0306.00,1000
121339,0306.00,0306.00,0306.00,59000
121344,0306.00,0306.00,0306.00,5000
121354,0306.50,0306.50,0306.50,2000
121404,0306.50,0306.50,0306.50,4000
121414,0306.50,0306.50,0306.50,2000
121419,0306.50,0306.50,0306.50,23000
121424,0306.50,0306.50,0306.50,9000
121434,0306.00,0306.00,0306.00,2000
121439,0306.50,0306.50,0306.50,4000
121444,0306.50,0306.50,0306.50,1000
121449,0306.50,0306.50,0306.50,1000
121500,0306.50,0306.50,0306.50,1000
121510,0306.50,0306.50,0306.50,1000
121515,0306.50,0306.50,0306.50,2000
121520,0306.50,0306.50,0306.50,2000
121530,0306.50,0306.50,0306.50,5000
121535,0306.50,0306.50,0306.50,6000
121540,0306.00,0306.00,0306.00,1000
121545,0306.50,0306.50,0306.50,2000
121555,0306.50,0306.50,0306.50,8000
121600,0306.50,0306.50,0306.50,4000
121605,0306.50,0306.50,0306.50,1000
121610,0306.50,0306.50,0306.50,4000
121615,0306.50,0306.50,0306.50,4000
121620,0306.50,0306.50,0306.50,3000
121630,0306.50,0306.50,0306.50,2000
121635,0306.50,0306.50,0306.50,4000
121645,0306.00,0306.00,0306.00,14000
121650,0306.50,0306.50,0306.50,4000
121655,0306.50,0306.50,0306.50,2000
121710,0306.50,0306.50,0306.50,2000
121715,0306.50,0306.50,0306.50,4000
121720,0306.50,0306.50,0306.50,2000
121725,0306.50,0306.50,0306.50,8000
121730,0306.50,0306.50,0306.50,9000
121735,0306.00,0306.00,0306.00,3000
121740,0306.50,0306.50,0306.50,2000
121745,0306.50,0306.50,0306.50,4000
121750,0306.50,0306.50,0306.50,4000
121755,0306.50,0306.50,0306.50,16000
121800,0306.50,0306.50,0306.50,21000
121805,0306.50,0306.50,0306.50,16000
121810,0306.50,0306.50,0306.50,2000
121815,0306.50,0306.50,0306.50,3000
121820,0306.50,0306.50,0306.50,2000
121825,0306.50,0306.50,0306.50,2000
121830,0306.50,0306.50,0306.50,2000
121835,0306.00,0306.00,0306.00,2000
121840,0306.00,0306.00,0306.00,2000
121845,0306.50,0306.50,0306.50,2000
121850,0306.00,0306.00,0306.00,1000
121900,0306.50,0306.50,0306.50,4000
121905,0306.50,0306.50,0306.50,4000
121910,0306.00,0306.00,0306.00,11000
121915,0306.50,0306.50,0306.50,2000
121920,0306.50,0306.50,0306.50,1000
121925,0306.50,0306.50,0306.50,1000
121930,0306.50,0306.50,0306.50,1000
121936,0306.50,0306.50,0306.50,2000
121941,0306.50,0306.50,0306.50,3000
121946,0306.50,0306.50,0306.50,4000
121951,0306.50,0306.50,0306.50,2000
122001,0306.00,0306.00,0306.00,30000
122006,0306.00,0306.00,0306.00,2000
122011,0306.00,0306.00,0306.00,10000
122016,0306.50,0306.50,0306.50,2000
122021,0306.50,0306.50,0306.50,4000
122026,0306.00,0306.00,0306.00,2000
122031,0306.00,0306.00,0306.00,2000
122036,0306.50,0306.50,0306.50,8000
122041,0306.50,0306.50,0306.50,2000
122046,0306.00,0306.00,0306.00,2000
122051,0306.50,0306.50,0306.50,10000
122101,0306.50,0306.50,0306.50,6000
122106,0306.50,0306.50,0306.50,2000
122116,0306.50,0306.50,0306.50,6000
122121,0306.00,0306.00,0306.00,1000
122131,0306.00,0306.00,0306.00,1000
122136,0306.50,0306.50,0306.50,4000
122141,0306.50,0306.50,0306.50,1000
122146,0306.50,0306.50,0306.50,1000
122151,0306.00,0306.00,0306.00,4000
122156,0306.50,0306.50,0306.50,4000
122201,0306.50,0306.50,0306.50,8000
122206,0306.50,0306.50,0306.50,1000
122211,0306.50,0306.50,0306.50,4000
122216,0306.50,0306.50,0306.50,2000
122221,0306.50,0306.50,0306.50,3000
122226,0306.50,0306.50,0306.50,4000
122231,0306.00,0306.00,0306.00,2000
122236,0306.50,0306.50,0306.50,2000
122241,0306.50,0306.50,0306.50,6000
122246,0306.50,0306.50,0306.50,1000
122251,0306.50,0306.50,0306.50,4000
122301,0306.50,0306.50,0306.50,17000
122306,0306.50,0306.50,0306.50,2000
122311,0306.50,0306.50,0306.50,6000
122321,0306.50,0306.50,0306.50,1000
122326,0306.50,0306.50,0306.50,4000
122331,0306.50,0306.50,0306.50,1000
122336,0306.50,0306.50,0306.50,2000
122341,0306.50,0306.50,0306.50,2000
122346,0306.50,0306.50,0306.50,3000
122357,0306.50,0306.50,0306.50,4000
122402,0306.50,0306.50,0306.50,2000
122407,0306.50,0306.50,0306.50,2000
122412,0306.50,0306.50,0306.50,2000
122417,0306.50,0306.50,0306.50,18000
122422,0306.50,0306.50,0306.50,56000
122427,0306.50,0306.50,0306.50,8000
122432,0306.50,0306.50,0306.50,11000
122437,0306.50,0306.50,0306.50,12000
122442,0306.50,0306.50,0306.50,15000
122447,0306.50,0306.50,0306.50,4000
122452,0306.50,0306.50,0306.50,12000
122457,0306.50,0306.50,0306.50,17000
122502,0306.50,0306.50,0306.50,20000
122507,0306.50,0306.50,0306.50,32000
122512,0306.50,0306.50,0306.50,8000
122517,0306.50,0306.50,0306.50,41000
122522,0306.50,0306.50,0306.50,2000
122537,0307.00,0307.00,0307.00,2000
122542,0307.00,0307.00,0307.00,2000
122547,0307.00,0307.00,0307.00,2000
122557,0307.00,0307.00,0307.00,9000
122607,0307.00,0307.00,0307.00,2000
122612,0307.00,0307.00,0307.00,10000
122617,0307.00,0307.00,0307.00,1000
122622,0307.00,0307.00,0307.00,4000
122627,0307.00,0307.00,0307.00,2000
122632,0307.00,0307.00,0307.00,2000
122637,0306.50,0306.50,0306.50,2000
122647,0307.00,0307.00,0307.00,2000
122657,0307.00,0307.00,0307.00,2000
122708,0307.00,0307.00,0307.00,2000
122713,0307.00,0307.00,0307.00,1000
122723,0307.00,0307.00,0307.00,2000
122738,0307.00,0307.00,0307.00,1000
122743,0307.00,0307.00,0307.00,2000
122748,0307.00,0307.00,0307.00,4000
122753,0306.50,0306.50,0306.50,1000
122803,0306.50,0306.50,0306.50,4000
122813,0307.00,0307.00,0307.00,17000
122818,0307.00,0307.00,0307.00,10000
122828,0307.00,0307.00,0307.00,2000
122833,0306.50,0306.50,0306.50,1000
122843,0307.00,0307.00,0307.00,4000
122848,0307.00,0307.00,0307.00,5000
122853,0307.00,0307.00,0307.00,2000
122903,0307.00,0307.00,0307.00,5000
122913,0307.00,0307.00,0307.00,1000
122928,0307.00,0307.00,0307.00,1000
122933,0307.00,0307.00,0307.00,1000
122938,0306.50,0306.50,0306.50,1000
122943,0306.50,0306.50,0306.50,2000
122948,0306.50,0306.50,0306.50,3000
123003,0307.00,0307.00,0307.00,11000
123008,0307.00,0307.00,0307.00,2000
123033,0306.50,0306.50,0306.50,2000
123048,0306.50,0306.50,0306.50,6000
123103,0307.00,0307.00,0307.00,2000
123114,0307.00,0307.00,0307.00,4000
123119,0306.50,0306.50,0306.50,14000
123124,0306.50,0306.50,0306.50,4000
123129,0307.00,0307.00,0307.00,6000
123134,0306.50,0306.50,0306.50,5000
123139,0306.50,0306.50,0306.50,2000
123214,0307.00,0307.00,0307.00,20000
123219,0307.00,0307.00,0307.00,6000
123224,0307.00,0307.00,0307.00,4000
123229,0307.00,0307.00,0307.00,20000
123234,0306.50,0306.50,0306.50,2000
123239,0307.00,0307.00,0307.00,2000
123249,0306.50,0306.50,0306.50,6000
123254,0307.00,0307.00,0307.00,8000
123304,0307.00,0307.00,0307.00,1000
123314,0307.00,0307.00,0307.00,2000
123324,0307.00,0307.00,0307.00,13000
123334,0307.00,0307.00,0307.00,3000
123349,0306.50,0306.50,0306.50,4000
123354,0307.00,0307.00,0307.00,20000
123400,0306.50,0306.50,0306.50,20000
123405,0307.00,0307.00,0307.00,11000
123410,0306.50,0306.50,0306.50,2000
123415,0307.00,0307.00,0307.00,4000
123420,0307.00,0307.00,0307.00,27000
123425,0307.00,0307.00,0307.00,4000
123435,0306.50,0306.50,0306.50,4000
123445,0306.50,0306.50,0306.50,1000
123450,0306.50,0306.50,0306.50,5000
123455,0306.50,0306.50,0306.50,6000
123500,0307.00,0307.00,0307.00,1000
123505,0306.50,0306.50,0306.50,1000
123510,0307.00,0307.00,0307.00,4000
123515,0307.00,0307.00,0307.00,2000
123520,0306.50,0306.50,0306.50,2000
123525,0306.50,0306.50,0306.50,2000
123535,0306.50,0306.50,0306.50,13000
123540,0306.50,0306.50,0306.50,4000
123545,0306.50,0306.50,0306.50,8000
123550,0307.00,0307.00,0307.00,2000
123555,0307.00,0307.00,0307.00,1000
123600,0307.00,0307.00,0307.00,5000
123605,0306.50,0306.50,0306.50,4000
123610,0306.50,0306.50,0306.50,4000
123615,0307.00,0307.00,0307.00,19000
123635,0307.00,0307.00,0307.00,2000
123640,0307.00,0307.00,0307.00,16000
123650,0306.50,0306.50,0306.50,2000
123655,0307.00,0307.00,0307.00,1000
123700,0307.00,0307.00,0307.00,1000
123710,0306.50,0306.50,0306.50,2000
123720,0307.00,0307.00,0307.00,22000
123725,0306.50,0306.50,0306.50,4000
123730,0306.50,0306.50,0306.50,2000
123735,0306.50,0306.50,0306.50,1000
123745,0307.00,0307.00,0307.00,18000
123750,0306.50,0306.50,0306.50,3000
123755,0307.00,0307.00,0307.00,2000
123800,0307.00,0307.00,0307.00,13000
123805,0307.00,0307.00,0307.00,4000
123811,0307.00,0307.00,0307.00,3000
123816,0307.00,0307.00,0307.00,1000
123821,0307.00,0307.00,0307.00,2000
123831,0306.50,0306.50,0306.50,10000
123841,0306.50,0306.50,0306.50,2000
123846,0306.50,0306.50,0306.50,12000
123851,0306.50,0306.50,0306.50,1000
123856,0307.00,0307.00,0307.00,2000
123901,0306.50,0306.50,0306.50,1000
123906,0307.00,0307.00,0307.00,2000
123911,0306.50,0306.50,0306.50,1000
123916,0307.00,0307.00,0307.00,1000
123921,0307.00,0307.00,0307.00,20000
123931,0307.00,0307.00,0307.00,4000
123941,0306.50,0306.50,0306.50,1000
123946,0306.50,0306.50,0306.50,1000
124001,0306.50,0306.50,0306.50,9000
124006,0306.50,0306.50,0306.50,5000
124011,0306.50,0306.50,0306.50,4000
124021,0306.50,0306.50,0306.50,5000
124026,0307.00,0307.00,0307.00,1000
124031,0307.00,0307.00,0307.00,1000
124036,0306.50,0306.50,0306.50,16000
124046,0307.00,0307.00,0307.00,2000
124051,0306.50,0306.50,0306.50,26000
124056,0307.00,0307.00,0307.00,2000
124101,0306.50,0306.50,0306.50,24000
124106,0306.50,0306.50,0306.50,2000
124111,0307.00,0307.00,0307.00,2000
124116,0307.00,0307.00,0307.00,12000
124121,0307.00,0307.00,0307.00,4000
124126,0307.00,0307.00,0307.00,6000
124131,0307.00,0307.00,0307.00,1000
124136,0307.00,0307.00,0307.00,7000
124141,0307.00,0307.00,0307.00,2000
124146,0307.00,0307.00,0307.00,11000
124151,0307.00,0307.00,0307.00,2000
124156,0307.00,0307.00,0307.00,2000
124202,0307.00,0307.00,0307.00,13000
124207,0307.00,0307.00,0307.00,2000
124212,0307.00,0307.00,0307.00,12000
124217,0307.00,0307.00,0307.00,2000
124222,0307.00,0307.00,0307.00,2000
124227,0306.50,0306.50,0306.50,2000
124232,0306.50,0306.50,0306.50,4000
124237,0307.00,0307.00,0307.00,42000
124242,0307.00,0307.00,0307.00,1000
124247,0307.00,0307.00,0307.00,2000
124257,0307.00,0307.00,0307.00,6000
124302,0306.50,0306.50,0306.50,31000
124307,0306.50,0306.50,0306.50,7000
124312,0307.00,0307.00,0307.00,2000
124322,0307.00,0307.00,0307.00,2000
124327,0306.50,0306.50,0306.50,3000
124332,0307.00,0307.00,0307.00,10000
124337,0306.50,0306.50,0306.50,1000
124342,0307.00,0307.00,0307.00,13000
124347,0307.00,0307.00,0307.00,10000
124352,0307.00,0307.00,0307.00,12000
124357,0306.50,0306.50,0306.50,80000
124402,0307.00,0307.00,0307.00,2000
124407,0307.00,0307.00,0307.00,4000
124417,0307.00,0307.00,0307.00,5000
124422,0307.00,0307.00,0307.00,2000
124432,0306.50,0306.50,0306.50,10000
124438,0307.00,0307.00,0307.00,3000
124443,0306.50,0306.50,0306.50,1000
124448,0306.50,0306.50,0306.50,2000
124453,0306.50,0306.50,0306.50,6000
124458,0306.50,0306.50,0306.50,52000
124503,0307.00,0307.00,0307.00,26000
124513,0306.50,0306.50,0306.50,15000
124518,0306.50,0306.50,0306.50,1000
124523,0306.50,0306.50,0306.50,2000
124528,0307.00,0307.00,0307.00,3000
124533,0306.50,0306.50,0306.50,5000
124538,0307.00,0307.00,0307.00,3000
124543,0307.00,0307.00,0307.00,2000
124548,0307.00,0307.00,0307.00,2000
124553,0307.00,0307.00,0307.00,4000
124558,0307.00,0307.00,0307.00,2000
124603,0306.50,0306.50,0306.50,6000
124608,0307.00,0307.00,0307.00,10000
124613,0307.00,0307.00,0307.00,14000
124618,0306.50,0306.50,0306.50,10000
124623,0306.50,0306.50,0306.50,2000
124628,0307.00,0307.00,0307.00,2000
124633,0306.50,0306.50,0306.50,7000
124638,0306.50,0306.50,0306.50,4000
124643,0306.50,0306.50,0306.50,2000
124653,0306.50,0306.50,0306.50,4000
124658,0306.50,0306.50,0306.50,40000
124703,0306.50,0306.50,0306.50,1000
124708,0306.50,0306.50,0306.50,2000
124713,0306.50,0306.50,0306.50,8000
124718,0306.50,0306.50,0306.50,4000
124723,0306.50,0306.50,0306.50,2000
124728,0307.00,0307.00,0307.00,11000
124733,0307.00,0307.00,0307.00,3000
124738,0306.50,0306.50,0306.50,1000
124743,0307.00,0307.00,0307.00,2000
124748,0306.50,0306.50,0306.50,7000
124753,0307.00,0307.00,0307.00,4000
124758,0306.50,0306.50,0306.50,2000
124803,0306.50,0306.50,0306.50,20000
124808,0307.00,0307.00,0307.00,8000
124813,0306.50,0306.50,0306.50,5000
124818,0306.50,0306.50,0306.50,2000
124823,0306.50,0306.50,0306.50,15000
124828,0306.50,0306.50,0306.50,88000
124833,0306.50,0306.50,0306.50,143000
124838,0306.50,0306.50,0306.50,121000
124843,0306.50,0306.50,0306.50,334000
124848,0306.50,0306.50,0306.50,342000
124853,0306.50,0306.50,0306.50,52000
124903,0306.00,0306.00,0306.00,1000
124908,0306.50,0306.50,0306.50,10000
124913,0306.00,0306.00,0306.00,6000
124918,0306.50,0306.50,0306.50,21000
124923,0306.00,0306.00,0306.00,8000
124934,0306.00,0306.00,0306.00,4000
124939,0306.50,0306.50,0306.50,5000
124944,0306.50,0306.50,0306.50,10000
124949,0306.50,0306.50,0306.50,8000
124959,0306.50,0306.50,0306.50,2000
125004,0306.50,0306.50,0306.50,6000
125009,0306.00,0306.00,0306.00,2000
125014,0306.50,0306.50,0306.50,1000
125019,0306.50,0306.50,0306.50,10000
125024,0306.50,0306.50,0306.50,4000
125029,0306.50,0306.50,0306.50,1000
125034,0306.50,0306.50,0306.50,9000
125039,0306.00,0306.00,0306.00,23000
125049,0306.50,0306.50,0306.50,4000
125054,0306.50,0306.50,0306.50,2000
125059,0306.00,0306.00,0306.00,2000
125109,0306.00,0306.00,0306.00,4000
125114,0306.00,0306.00,0306.00,2000
125119,0306.50,0306.50,0306.50,20000
125124,0306.50,0306.50,0306.50,3000
125129,0306.00,0306.00,0306.00,13000
125134,0306.00,0306.00,0306.00,3000
125139,0306.00,0306.00,0306.00,6000
125144,0306.00,0306.00,0306.00,7000
125149,0306.00,0306.00,0306.00,16000
125154,0306.00,0306.00,0306.00,6000
125159,0306.50,0306.50,0306.50,4000
125204,0306.00,0306.00,0306.00,4000
125214,0306.00,0306.00,0306.00,4000
125219,0306.50,0306.50,0306.50,2000
125224,0306.50,0306.50,0306.50,9000
125229,0306.50,0306.50,0306.50,2000
125234,0306.00,0306.00,0306.00,4000
125239,0306.00,0306.00,0306.00,4000
125244,0306.50,0306.50,0306.50,2000
125249,0306.00,0306.00,0306.00,8000
125254,0306.00,0306.00,0306.00,2000
125259,0306.00,0306.00,0306.00,5000
125304,0306.00,0306.00,0306.00,1000
125309,0306.00,0306.00,0306.00,9000
125314,0306.00,0306.00,0306.00,3000
125319,0306.00,0306.00,0306.00,7000
125324,0306.00,0306.00,0306.00,2000
125329,0306.50,0306.50,0306.50,3000
125334,0306.00,0306.00,0306.00,2000
125340,0306.00,0306.00,0306.00,5000
125345,0306.00,0306.00,0306.00,10000
125350,0306.00,0306.00,0306.00,6000
125355,0306.00,0306.00,0306.00,4000
125400,0306.00,0306.00,0306.00,2000
125405,0306.00,0306.00,0306.00,94000
125410,0306.00,0306.00,0306.00,1000
125415,0306.00,0306.00,0306.00,3000
125420,0306.00,0306.00,0306.00,51000
125425,0306.00,0306.00,0306.00,8000
125430,0306.50,0306.50,0306.50,2000
125435,0306.00,0306.00,0306.00,16000
125440,0306.00,0306.00,0306.00,92000
125445,0306.00,0306.00,0306.00,80000
125450,0306.00,0306.00,0306.00,46000
125455,0306.00,0306.00,0306.00,184000
125500,0306.00,0306.00,0306.00,66000
125505,0306.00,0306.00,0306.00,63000
125510,0306.00,0306.00,0306.00,133000
125515,0306.00,0306.00,0306.00,187000
125520,0306.00,0306.00,0306.00,197000
125525,0306.00,0306.00,0306.00,71000
125530,0306.00,0306.00,0306.00,67000
125535,0306.00,0306.00,0306.00,2000
125541,0306.00,0306.00,0306.00,21000
125546,0305.50,0305.50,0305.50,4000
125551,0305.50,0305.50,0305.50,2000
125556,0306.00,0306.00,0306.00,2000
125601,0305.50,0305.50,0305.50,2000
125606,0305.50,0305.50,0305.50,4000
125611,0306.00,0306.00,0306.00,13000
125616,0306.00,0306.00,0306.00,1000
125626,0306.00,0306.00,0306.00,2000
125631,0305.50,0305.50,0305.50,4000
125636,0306.00,0306.00,0306.00,4000
125641,0306.00,0306.00,0306.00,2000
125646,0305.50,0305.50,0305.50,1000
125656,0306.00,0306.00,0306.00,2000
125701,0305.50,0305.50,0305.50,4000
125706,0305.50,0305.50,0305.50,2000
125711,0305.50,0305.50,0305.50,10000
125716,0306.00,0306.00,0306.00,2000
125721,0305.50,0305.50,0305.50,4000
125726,0306.00,0306.00,0306.00,14000
125731,0305.50,0305.50,0305.50,1000
125736,0306.00,0306.00,0306.00,8000
125741,0306.00,0306.00,0306.00,7000
125746,0306.00,0306.00,0306.00,2000
125751,0305.50,0305.50,0305.50,2000
125801,0306.00,0306.00,0306.00,6000
125806,0306.00,0306.00,0306.00,2000
125811,0305.50,0305.50,0305.50,33000
125816,0305.50,0305.50,0305.50,6000
125826,0305.50,0305.50,0305.50,4000
125831,0305.50,0305.50,0305.50,4000
125836,0305.50,0305.50,0305.50,10000
125841,0305.50,0305.50,0305.50,11000
125846,0305.50,0305.50,0305.50,92000
125851,0305.50,0305.50,0305.50,146000
125856,0305.50,0305.50,0305.50,56000
125901,0305.50,0305.50,0305.50,104000
125906,0305.50,0305.50,0305.50,201000
125911,0305.50,0305.50,0305.50,179000
125916,0305.50,0305.50,0305.50,7000
125921,0305.50,0305.50,0305.50,10000
125926,0305.50,0305.50,0305.50,8000
125931,0305.50,0305.50,0305.50,26000
125936,0305.50,0305.50,0305.50,5000
125941,0305.50,0305.50,0305.50,58000
125946,0305.50,0305.50,0305.50,28000
125951,0305.50,0305.50,0305.50,110000
125956,0305.50,0305.50,0305.50,56000
130001,0305.50,0305.50,0305.50,202000
130007,0305.50,0305.50,0305.50,337000
130012,0305.50,0305.50,0305.50,159000
130017,0305.00,0305.00,0305.00,128000
130022,0305.00,0305.00,0305.00,28000
130027,0305.00,0305.00,0305.00,28000
130032,0305.00,0305.00,0305.00,40000
130037,0305.00,0305.00,0305.00,82000
130042,0305.00,0305.00,0305.00,34000
130047,0305.00,0305.00,0305.00,15000
130052,0305.00,0305.00,0305.00,60000
130057,0305.00,0305.00,0305.00,11000
130102,0305.00,0305.00,0305.00,19000
130107,0305.00,0305.00,0305.00,11000
130112,0305.00,0305.00,0305.00,30000
130117,0305.00,0305.00,0305.00,13000
130122,0305.00,0305.00,0305.00,33000
130127,0305.00,0305.00,0305.00,25000
130132,0305.00,0305.00,0305.00,27000
130137,0305.00,0305.00,0305.00,27000
130142,0305.00,0305.00,0305.00,33000
130147,0305.00,0305.00,0305.00,73000
130152,0305.00,0305.00,0305.00,54000
130157,0305.00,0305.00,0305.00,35000
130202,0305.00,0305.00,0305.00,58000
130207,0305.00,0305.00,0305.00,102000
130212,0305.00,0305.00,0305.00,19000
130217,0305.00,0305.00,0305.00,12000
130222,0305.00,0305.00,0305.00,18000
130227,0305.00,0305.00,0305.00,22000
130232,0305.00,0305.00,0305.00,16000
130237,0305.00,0305.00,0305.00,15000
130242,0305.00,0305.00,0305.00,23000
130247,0305.00,0305.00,0305.00,22000
130252,0305.50,0305.50,0305.50,50000
130257,0305.00,0305.00,0305.00,17000
130302,0305.00,0305.00,0305.00,27000
130307,0305.00,0305.00,0305.00,24000
130312,0305.00,0305.00,0305.00,50000
130317,0305.00,0305.00,0305.00,71000
130322,0305.00,0305.00,0305.00,144000
130327,0305.00,0305.00,0305.00,489000
130332,0305.00,0305.00,0305.00,130000
130337,0305.00,0305.00,0305.00,65000
130342,0305.00,0305.00,0305.00,100000
130347,0305.00,0305.00,0305.00,416000
130353,0305.00,0305.00,0305.00,186000
130358,0305.00,0305.00,0305.00,321000
130403,0305.00,0305.00,0305.00,238000
130408,0305.00,0305.00,0305.00,536000
130413,0305.00,0305.00,0305.00,684000
130418,0305.00,0305.00,0305.00,281000
130423,0305.00,0305.00,0305.00,157000
130428,0304.50,0304.50,0304.50,108000
130433,0304.50,0304.50,0304.50,24000
130438,0304.50,0304.50,0304.50,35000
130443,0304.50,0304.50,0304.50,41000
130448,0304.50,0304.50,0304.50,20000
130453,0304.50,0304.50,0304.50,38000
130458,0304.50,0304.50,0304.50,29000
130503,0304.50,0304.50,0304.50,250000
130508,0304.50,0304.50,0304.50,37000
130513,0304.50,0304.50,0304.50,38000
130518,0304.50,0304.50,0304.50,31000
130523,0304.50,0304.50,0304.50,245000
130528,0304.50,0304.50,0304.50,152000
130533,0304.00,0304.00,0304.00,36000
130538,0304.00,0304.00,0304.00,27000
130543,0304.00,0304.00,0304.00,25000
130548,0304.00,0304.00,0304.00,40000
130553,0304.00,0304.00,0304.00,43000
130558,0304.00,0304.00,0304.00,50000
130603,0304.00,0304.00,0304.00,143000
130608,0304.00,0304.00,0304.00,76000
130613,0304.00,0304.00,0304.00,90000
130618,0304.00,0304.00,0304.00,86000
130623,0304.00,0304.00,0304.00,38000
130628,0304.00,0304.00,0304.00,112000
130633,0304.00,0304.00,0304.00,76000
130638,0304.00,0304.00,0304.00,205000
130643,0304.00,0304.00,0304.00,159000
130648,0303.50,0303.50,0303.50,24000
130654,0303.50,0303.50,0303.50,19000
130659,0303.50,0303.50,0303.50,16000
130704,0303.50,0303.50,0303.50,34000
130709,0303.50,0303.50,0303.50,20000
130714,0303.50,0303.50,0303.50,72000
130719,0303.50,0303.50,0303.50,37000
130724,0303.50,0303.50,0303.50,68000
130729,0303.50,0303.50,0303.50,63000
130734,0303.50,0303.50,0303.50,56000
130739,0303.50,0303.50,0303.50,59000
130744,0303.50,0303.50,0303.50,38000
130749,0303.50,0303.50,0303.50,58000
130754,0303.50,0303.50,0303.50,286000
130759,0304.00,0304.00,0304.00,189000
130804,0303.50,0303.50,0303.50,34000
130809,0303.50,0303.50,0303.50,43000
130814,0303.50,0303.50,0303.50,34000
130819,0303.50,0303.50,0303.50,48000
130824,0303.50,0303.50,0303.50,28000
130829,0303.50,0303.50,0303.50,22000
130834,0303.50,0303.50,0303.50,20000
130839,0303.50,0303.50,0303.50,42000
130844,0303.50,0303.50,0303.50,121000
130849,0303.50,0303.50,0303.50,67000
130854,0303.00,0303.00,0303.00,18000
130859,0303.00,0303.00,0303.00,50000
130904,0303.00,0303.00,0303.00,24000
130909,0303.00,0303.00,0303.00,314000
130914,0303.00,0303.00,0303.00,23000
130919,0303.00,0303.00,0303.00,66000
130924,0303.00,0303.00,0303.00,22000
130929,0303.00,0303.00,0303.00,34000
130934,0303.00,0303.00,0303.00,26000
130939,0303.00,0303.00,0303.00,45000
130944,0303.00,0303.00,0303.00,45000
130949,0303.00,0303.00,0303.00,44000
130954,0303.00,0303.00,0303.00,72000
130959,0303.00,0303.00,0303.00,40000
131004,0303.00,0303.00,0303.00,58000
131009,0303.00,0303.00,0303.00,48000
131014,0303.00,0303.00,0303.00,47000
131019,0303.00,0303.00,0303.00,28000
131024,0303.00,0303.00,0303.00,23000
131029,0303.00,0303.00,0303.00,21000
131034,0303.00,0303.00,0303.00,40000
131039,0303.00,0303.00,0303.00,106000
131044,0303.00,0303.00,0303.00,47000
131049,0303.00,0303.00,0303.00,24000
131054,0303.50,0303.50,0303.50,28000
131059,0303.00,0303.00,0303.00,56000
131104,0303.00,0303.00,0303.00,20000
131110,0303.00,0303.00,0303.00,30000
131115,0303.00,0303.00,0303.00,64000
131120,0303.00,0303.00,0303.00,72000
131125,0303.00,0303.00,0303.00,27000
131130,0303.00,0303.00,0303.00,63000
131135,0303.00,0303.00,0303.00,61000
131140,0303.00,0303.00,0303.00,29000
131145,0303.00,0303.00,0303.00,52000
131150,0303.00,0303.00,0303.00,40000
131155,0302.50,0302.50,0302.50,24000
131200,0302.50,0302.50,0302.50,38000
131205,0302.50,0302.50,0302.50,32000
131210,0302.50,0302.50,0302.50,50000
131215,0302.50,0302.50,0302.50,26000
131220,0302.50,0302.50,0302.50,35000
131225,0302.50,0302.50,0302.50,22000
131230,0302.50,0302.50,0302.50,26000
131235,0302.50,0302.50,0302.50,32000
131240,0302.50,0302.50,0302.50,27000
131245,0302.50,0302.50,0302.50,24000
131250,0302.50,0302.50,0302.50,24000
131255,0302.50,0302.50,0302.50,56000
131300,0302.50,0302.50,0302.50,76000
131305,0302.50,0302.50,0302.50,31000
131310,0302.50,0302.50,0302.50,30000
131315,0302.50,0302.50,0302.50,60000
131320,0302.50,0302.50,0302.50,20000
131325,0302.50,0302.50,0302.50,88000
131330,0302.50,0302.50,0302.50,32000
131335,0302.50,0302.50,0302.50,44000
131340,0302.50,0302.50,0302.50,227000
131345,0302.50,0302.50,0302.50,70000
131350,0302.50,0302.50,0302.50,42000
131355,0302.50,0302.50,0302.50,32000
131401,0302.50,0302.50,0302.50,22000
131406,0302.50,0302.50,0302.50,44000
131411,0302.50,0302.50,0302.50,18000
131416,0302.50,0302.50,0302.50,30000
131421,0302.50,0302.50,0302.50,50000
131426,0303.00,0303.00,0303.00,26000
131431,0302.50,0302.50,0302.50,119000
131436,0302.50,0302.50,0302.50,45000
131441,0303.00,0303.00,0303.00,18000
131446,0302.50,0302.50,0302.50,30000
131451,0302.50,0302.50,0302.50,20000
131456,0302.50,0302.50,0302.50,20000
131501,0302.50,0302.50,0302.50,22000
131506,0302.50,0302.50,0302.50,18000
131511,0302.50,0302.50,0302.50,24000
131516,0303.00,0303.00,0303.00,34000
131521,0302.50,0302.50,0302.50,56000
131526,0302.50,0302.50,0302.50,38000
131531,0302.50,0302.50,0302.50,26000
131536,0302.50,0302.50,0302.50,91000
131541,0302.50,0302.50,0302.50,21000
131546,0303.00,0303.00,0303.00,178000
131551,0302.50,0302.50,0302.50,28000
131556,0303.00,0303.00,0303.00,38000
131601,0303.00,0303.00,0303.00,36000
131606,0303.00,0303.00,0303.00,34000
131611,0302.50,0302.50,0302.50,26000
131616,0302.50,0302.50,0302.50,18000
131621,0303.00,0303.00,0303.00,42000
131626,0303.00,0303.00,0303.00,71000
131631,0302.50,0302.50,0302.50,17000
131636,0303.00,0303.00,0303.00,38000
131641,0303.00,0303.00,0303.00,52000
131646,0303.00,0303.00,0303.00,62000
131651,0303.00,0303.00,0303.00,23000
131656,0303.00,0303.00,0303.00,42000
131701,0303.00,0303.00,0303.00,52000
131706,0303.00,0303.00,0303.00,69000
131711,0303.00,0303.00,0303.00,57000
131716,0303.00,0303.00,0303.00,90000
131721,0303.00,0303.00,0303.00,85000
131726,0303.00,0303.00,0303.00,86000
131731,0303.00,0303.00,0303.00,110000
131736,0303.00,0303.00,0303.00,93000
131741,0303.00,0303.00,0303.00,74000
131746,0303.00,0303.00,0303.00,102000
131751,0303.00,0303.00,0303.00,83000
131756,0303.00,0303.00,0303.00,65000
131801,0303.00,0303.00,0303.00,43000
131806,0303.00,0303.00,0303.00,20000
131811,0303.00,0303.00,0303.00,18000
131817,0303.00,0303.00,0303.00,40000
131822,0303.00,0303.00,0303.00,32000
131827,0303.00,0303.00,0303.00,37000
131832,0303.00,0303.00,0303.00,36000
131837,0303.00,0303.00,0303.00,46000
131842,0303.00,0303.00,0303.00,17000
131847,0303.00,0303.00,0303.00,56000
131852,0303.00,0303.00,0303.00,32000
131857,0303.00,0303.00,0303.00,58000
131902,0303.00,0303.00,0303.00,30000
131907,0303.00,0303.00,0303.00,38000
131912,0303.00,0303.00,0303.00,64000
131917,0303.00,0303.00,0303.00,50000
131922,0303.00,0303.00,0303.00,44000
131927,0303.00,0303.00,0303.00,57000
131932,0303.00,0303.00,0303.00,79000
131937,0303.00,0303.00,0303.00,99000
131942,0303.00,0303.00,0303.00,90000
131947,0303.00,0303.00,0303.00,48000
131952,0303.00,0303.00,0303.00,64000
131957,0303.00,0303.00,0303.00,42000
132002,0303.00,0303.00,0303.00,59000
132007,0303.00,0303.00,0303.00,77000
132012,0303.00,0303.00,0303.00,46000
132017,0303.00,0303.00,0303.00,46000
132022,0303.00,0303.00,0303.00,54000
132027,0303.00,0303.00,0303.00,97000
132032,0303.00,0303.00,0303.00,48000
132037,0303.00,0303.00,0303.00,58000
132042,0303.00,0303.00,0303.00,36000
132047,0303.00,0303.00,0303.00,32000
132052,0303.00,0303.00,0303.00,38000
132057,0303.00,0303.00,0303.00,33000
132102,0303.00,0303.00,0303.00,12000
132107,0303.00,0303.00,0303.00,45000
132112,0303.50,0303.50,0303.50,8000
132117,0303.00,0303.00,0303.00,39000
132122,0303.00,0303.00,0303.00,20000
132127,0303.00,0303.00,0303.00,69000
132132,0303.00,0303.00,0303.00,6000
132137,0303.00,0303.00,0303.00,10000
132142,0303.00,0303.00,0303.00,48000
132147,0303.00,0303.00,0303.00,20000
132152,0303.00,0303.00,0303.00,28000
132157,0303.00,0303.00,0303.00,14000
132202,0303.00,0303.00,0303.00,45000
132208,0303.00,0303.00,0303.00,34000
132213,0303.00,0303.00,0303.00,30000
132218,0303.00,0303.00,0303.00,14000
132223,0303.00,0303.00,0303.00,71000
132228,0303.00,0303.00,0303.00,48000
132233,0303.00,0303.00,0303.00,31000
132238,0303.00,0303.00,0303.00,39000
132243,0303.00,0303.00,0303.00,24000
132248,0303.00,0303.00,0303.00,50000
132253,0303.00,0303.00,0303.00,54000
132258,0303.00,0303.00,0303.00,48000
132303,0303.00,0303.00,0303.00,70000
132308,0302.50,0302.50,0302.50,62000
132313,0302.50,0302.50,0302.50,47000
132318,0302.50,0302.50,0302.50,16000
132323,0302.50,0302.50,0302.50,53000
132328,0302.50,0302.50,0302.50,52000
132333,0302.50,0302.50,0302.50,10000
132338,0302.50,0302.50,0302.50,28000
132343,0302.50,0302.50,0302.50,31000
132348,0302.50,0302.50,0302.50,47000
132353,0302.50,0302.50,0302.50,71000
132358,0302.50,0302.50,0302.50,96000
132404,0302.50,0302.50,0302.50,40000
132409,0302.50,0302.50,0302.50,39000
132414,0302.50,0302.50,0302.50,26000
132419,0302.50,0302.50,0302.50,143000
132424,0302.50,0302.50,0302.50,56000
132429,0302.50,0302.50,0302.50,74000
132434,0302.50,0302.50,0302.50,39000
132439,0302.50,0302.50,0302.50,63000
132444,0302.50,0302.50,0302.50,38000
132449,0302.50,0302.50,0302.50,20000
132454,0302.50,0302.50,0302.50,28000
132459,0302.50,0302.50,0302.50,232000
133000,0302.00,0302.00,0302.00,11883000
133826,0307.75,0310.26,0302.00,35312398
135712,0306.73,0306.73,0306.73,129000
143746,0306.25,0306.25,0306.25,355000
170000,0302.00,0302.00,0302.00,1000